   5.0000000000000001E-03   5.4312000000000000E+04   2.3304935099673631E+02
   1.4999999999999999E-02   5.3460000000000000E+04   2.3121418641597234E+02
   2.5000000000000001E-02   5.2633000000000000E+04   2.2941883096206379E+02
   3.5000000000000003E-02   5.1713000000000000E+04   2.2740492518852795E+02
   4.4999999999999998E-02   5.1095000000000000E+04   2.2604203148972096E+02
   5.5000000000000000E-02   5.0188000000000000E+04   2.2402678411297163E+02
   6.5000000000000002E-02   4.9833000000000000E+04   2.2323306206742762E+02
   7.4999999999999997E-02   4.9011000000000000E+04   2.2138428128482835E+02
   8.5000000000000006E-02   4.7925000000000000E+04   2.1891779278989637E+02
   9.5000000000000001E-02   4.7309000000000000E+04   2.1750632174720806E+02
   0.1050000000000000   4.6349000000000000E+04   2.1528817896020209E+02
   0.1150000000000000   4.5467000000000000E+04   2.1322992285324310E+02
   0.1250000000000000   4.5320000000000000E+04   2.1288494545176275E+02
   0.1350000000000000   4.4288000000000000E+04   2.1044714300745449E+02
   0.1450000000000000   4.3521000000000000E+04   2.0861687371830689E+02
   0.1550000000000000   4.2909000000000000E+04   2.0714487683744437E+02
   0.1650000000000000   4.2238000000000000E+04   2.0551885558264479E+02
   0.1750000000000000   4.1404000000000000E+04   2.0347972872008651E+02
   0.1850000000000000   4.0421000000000000E+04   2.0104974508812489E+02
   0.1950000000000000   4.0036000000000000E+04   2.0008997975910736E+02
   0.2050000000000000   3.8821000000000000E+04   1.9703045449879062E+02
   0.2150000000000000   3.8442000000000000E+04   1.9606631531193725E+02
   0.2250000000000000   3.7802000000000000E+04   1.9442736432920137E+02
   0.2350000000000000   3.7237000000000000E+04   1.9296890941288962E+02
   0.2450000000000000   3.6447000000000000E+04   1.9091097401668662E+02
   0.2550000000000000   3.5759000000000000E+04   1.8910050237902595E+02
   0.2650000000000000   3.5152000000000000E+04   1.8748866632412745E+02
   0.2750000000000000   3.4745000000000000E+04   1.8640010729610646E+02
   0.2850000000000000   3.3648000000000000E+04   1.8343391180476962E+02
   0.2950000000000000   3.2916000000000000E+04   1.8142767153882562E+02
   0.3050000000000000   3.2227000000000000E+04   1.7951880124376945E+02
   0.3150000000000000   3.1939000000000000E+04   1.7871485668516760E+02
   0.3250000000000000   3.1616000000000000E+04   1.7780888616714296E+02
   0.3350000000000000   3.0674000000000000E+04   1.7513994404475525E+02
   0.3450000000000000   3.0397000000000000E+04   1.7434735443934903E+02
   0.3550000000000000   2.9568000000000000E+04   1.7195348208163742E+02
   0.3650000000000000   2.9003000000000000E+04   1.7030267173476756E+02
   0.3750000000000000   2.8675000000000000E+04   1.6933694221876098E+02
   0.3850000000000000   2.8451000000000000E+04   1.6867424225411537E+02
   0.3950000000000000   2.7846000000000000E+04   1.6687120782208055E+02
   0.4050000000000000   2.7898000000000000E+04   1.6702694393420481E+02
   0.4150000000000000   2.7526000000000000E+04   1.6590961394687167E+02
   0.4250000000000000   2.7105000000000000E+04   1.6463596204960811E+02
   0.4350000000000000   2.6716000000000000E+04   1.6345029825607537E+02
   0.4450000000000000   2.6459000000000000E+04   1.6266222671536252E+02
   0.4550000000000000   2.6635000000000000E+04   1.6320232841476252E+02
   0.4650000000000000   2.6650000000000000E+04   1.6324827717314508E+02
   0.4750000000000000   2.6032000000000000E+04   1.6134435224078965E+02
   0.4850000000000000   2.6340000000000000E+04   1.6229602582934677E+02
   0.4950000000000000   2.6083000000000000E+04   1.6150232196473215E+02
   0.5050000000000000   2.6198000000000000E+04   1.6185796242384865E+02
   0.5150000000000000   2.7008000000000000E+04   1.6434110867339311E+02
   0.5250000000000000   2.7056000000000000E+04   1.6448708155961671E+02
   0.5350000000000000   2.7675000000000000E+04   1.6635804759614126E+02
   0.5450000000000000   2.7985000000000000E+04   1.6728717822953436E+02
   0.5550000000000000   2.8745000000000000E+04   1.6954350474140847E+02
   0.5649999999999999   2.9481000000000000E+04   1.7170032032585146E+02
   0.5750000000000000   3.0762000000000000E+04   1.7539099178692160E+02
   0.5850000000000000   3.2025000000000000E+04   1.7895530168173281E+02
   0.5950000000000000   3.3683000000000000E+04   1.8352928921564535E+02
   0.6050000000000000   3.5092000000000000E+04   1.8732858831475778E+02
   0.6150000000000000   3.7159000000000000E+04   1.9276669836877946E+02
   0.6250000000000000   3.9212000000000000E+04   1.9802020098969700E+02
   0.6350000000000000   4.1722000000000000E+04   2.0425963869546035E+02
   0.6450000000000000   4.4350000000000000E+04   2.1059439688652688E+02
   0.6550000000000000   4.7931000000000000E+04   2.1893149613520663E+02
   0.6650000000000000   5.1667000000000000E+04   2.2730376151749007E+02
   0.6750000000000000   5.6228000000000000E+04   2.3712443990445186E+02
   0.6850000000000001   6.0769000000000000E+04   2.4651369130334322E+02
   0.6950000000000000   6.6746000000000000E+04   2.5835247240930363E+02
   0.7050000000000000   7.2982000000000000E+04   2.7015180917402716E+02
   0.7150000000000000   8.0663000000000000E+04   2.8401232367627995E+02
   0.7250000000000000   8.8913000000000000E+04   2.9818282982090034E+02
   0.7350000000000000   9.9037000000000000E+04   3.1470144581809598E+02
   0.7450000000000000   1.1011200000000000E+05   3.3183128243129823E+02
   0.7550000000000000   1.2226900000000000E+05   3.4966984428171668E+02
   0.7650000000000000   1.3821300000000000E+05   3.7177009024395710E+02
   0.7750000000000000   1.5572600000000000E+05   3.9462133748696357E+02
   0.7850000000000000   1.7690500000000000E+05   4.2060076081719109E+02
   0.7950000000000000   2.0052100000000000E+05   4.4779571235106749E+02
   0.8050000000000000   2.2987000000000000E+05   4.7944759880512487E+02
   0.8149999999999999   2.6405700000000000E+05   5.1386476820268581E+02
   0.8250000000000000   2.1527500000000000E+05   4.6397737013781176E+02
   0.8350000000000000  0.0000000000000000E+000  0.0000000000000000E+000
   0.8450000000000000  0.0000000000000000E+000  0.0000000000000000E+000
   0.8550000000000000  0.0000000000000000E+000  0.0000000000000000E+000
   0.8650000000000000  0.0000000000000000E+000  0.0000000000000000E+000
   0.8750000000000000  0.0000000000000000E+000  0.0000000000000000E+000
   0.8850000000000000  0.0000000000000000E+000  0.0000000000000000E+000
   0.8950000000000000  0.0000000000000000E+000  0.0000000000000000E+000
   0.9050000000000000  0.0000000000000000E+000  0.0000000000000000E+000
   0.9150000000000000  0.0000000000000000E+000  0.0000000000000000E+000
   0.9250000000000000  0.0000000000000000E+000  0.0000000000000000E+000
   0.9350000000000001  0.0000000000000000E+000  0.0000000000000000E+000
   0.9450000000000000  0.0000000000000000E+000  0.0000000000000000E+000
   0.9550000000000000  0.0000000000000000E+000  0.0000000000000000E+000
   0.9650000000000000  0.0000000000000000E+000  0.0000000000000000E+000
   0.9750000000000000  0.0000000000000000E+000  0.0000000000000000E+000
   0.9850000000000000  0.0000000000000000E+000  0.0000000000000000E+000
   0.9950000000000000  0.0000000000000000E+000  0.0000000000000000E+000
