  0.0000000000000000E+000 -0.0000000000000000E+000
   1.0000000000000000E-03  -4.1782787767682278E-04
   2.0000000000000000E-03  -8.3572412642672492E-04
   3.0000000000000001E-03  -1.2536884235854276E-03
   4.0000000000000001E-03  -1.6717204430686135E-03
   5.0000000000000001E-03  -2.0898198553440566E-03
   6.0000000000000001E-03  -2.5079863274035169E-03
   7.0000000000000001E-03  -2.9262195227344021E-03
   8.0000000000000002E-03  -3.3445191012911931E-03
   8.9999999999999993E-03  -3.7628847194666258E-03
   1.0000000000000000E-02  -4.1813160300626390E-03
   1.0999999999999999E-02  -4.5998126822610680E-03
   1.2000000000000000E-02  -5.0183743215941080E-03
   1.2999999999999999E-02  -5.4370005899145105E-03
   1.4000000000000000E-02  -5.8556911253655509E-03
   1.4999999999999999E-02  -6.2744455623507207E-03
   1.6000000000000000E-02  -6.6932635315031857E-03
   1.7000000000000001E-02  -7.1121446596549747E-03
   1.7999999999999999E-02  -7.5310885698059099E-03
   1.9000000000000000E-02  -7.9500948810922855E-03
   2.0000000000000000E-02  -8.3691632087552655E-03
   2.1000000000000001E-02  -8.7882931641090293E-03
   2.1999999999999999E-02  -9.2074843545086413E-03
   2.3000000000000000E-02  -9.6267363833176592E-03
   2.4000000000000000E-02  -1.0046048849875444E-02
   2.5000000000000001E-02  -1.0465421349464222E-02
   2.5999999999999999E-02  -1.0884853473275856E-02
   2.7000000000000000E-02  -1.1304344808378327E-02
   2.8000000000000001E-02  -1.1723894937681948E-02
   2.9000000000000001E-02  -1.2143503439905277E-02
   2.9999999999999999E-02  -1.2563169889540746E-02
   3.1000000000000000E-02  -1.2982893856820008E-02
   3.2000000000000001E-02  -1.3402674907678968E-02
   3.3000000000000002E-02  -1.3822512603722536E-02
   3.4000000000000002E-02  -1.4242406502189069E-02
   3.5000000000000003E-02  -1.4662356155914514E-02
   3.5999999999999997E-02  -1.5082361113296246E-02
   3.6999999999999998E-02  -1.5502420918256607E-02
   3.7999999999999999E-02  -1.5922535110206099E-02
   3.9000000000000000E-02  -1.6342703224006314E-02
   4.0000000000000001E-02  -1.6762924789932493E-02
   4.1000000000000002E-02  -1.7183199333635824E-02
   4.2000000000000003E-02  -1.7603526376105356E-02
   4.2999999999999997E-02  -1.8023905433629632E-02
   4.3999999999999997E-02  -1.8444336017757978E-02
   4.4999999999999998E-02  -1.8864817635261447E-02
   4.5999999999999999E-02  -1.9285349788093448E-02
   4.7000000000000000E-02  -1.9705931973350035E-02
   4.8000000000000001E-02  -2.0126563683229834E-02
   4.9000000000000002E-02  -2.0547244404993649E-02
   5.0000000000000003E-02  -2.0967973620923709E-02
   5.0999999999999997E-02  -2.1388750808282564E-02
   5.1999999999999998E-02  -2.1809575439271634E-02
   5.2999999999999999E-02  -2.2230446980989388E-02
   5.3999999999999999E-02  -2.2651364895389169E-02
   5.5000000000000000E-02  -2.3072328639236653E-02
   5.6000000000000001E-02  -2.3493337664066950E-02
   5.7000000000000002E-02  -2.3914391416141319E-02
   5.8000000000000003E-02  -2.4335489336403514E-02
   5.8999999999999997E-02  -2.4756630860435745E-02
   5.9999999999999998E-02  -2.5177815418414289E-02
   6.0999999999999999E-02  -2.5599042435064657E-02
   6.2000000000000000E-02  -2.6020311329616425E-02
   6.3000000000000000E-02  -2.6441621515757661E-02
   6.4000000000000001E-02  -2.6862972401588921E-02
   6.5000000000000002E-02  -2.7284363389576894E-02
   6.6000000000000003E-02  -2.7705793876507609E-02
   6.7000000000000004E-02  -2.8127263253439252E-02
   6.8000000000000005E-02  -2.8548770905654552E-02
   6.9000000000000006E-02  -2.8970316212612784E-02
   7.0000000000000007E-02  -2.9391898547901311E-02
   7.0999999999999994E-02  -2.9813517279186730E-02
   7.1999999999999995E-02  -3.0235171768165606E-02
   7.2999999999999995E-02  -3.0656861370514710E-02
   7.3999999999999996E-02  -3.1078585435840904E-02
   7.4999999999999997E-02  -3.1500343307630518E-02
   7.5999999999999998E-02  -3.1922134323198320E-02
   7.6999999999999999E-02  -3.2343957813636040E-02
   7.8000000000000000E-02  -3.2765813103760408E-02
   7.9000000000000001E-02  -3.3187699512060777E-02
   8.0000000000000002E-02  -3.3609616350646229E-02
   8.1000000000000003E-02  -3.4031562925192313E-02
   8.2000000000000003E-02  -3.4453538534887175E-02
   8.3000000000000004E-02  -3.4875542472377341E-02
   8.4000000000000005E-02  -3.5297574023712953E-02
   8.5000000000000006E-02  -3.5719632468292538E-02
   8.5999999999999993E-02  -3.6141717078807249E-02
   8.6999999999999994E-02  -3.6563827121184722E-02
   8.7999999999999995E-02  -3.6985961854532304E-02
   8.8999999999999996E-02  -3.7408120531079857E-02
   8.9999999999999997E-02  -3.7830302396122020E-02
   9.0999999999999998E-02  -3.8252506687960000E-02
   9.1999999999999998E-02  -3.8674732637842782E-02
   9.2999999999999999E-02  -3.9096979469907880E-02
   9.4000000000000000E-02  -3.9519246401121519E-02
   9.5000000000000001E-02  -3.9941532641218302E-02
   9.6000000000000002E-02  -4.0363837392640309E-02
   9.7000000000000003E-02  -4.0786159850475713E-02
   9.8000000000000004E-02  -4.1208499202396803E-02
   9.9000000000000005E-02  -4.1630854628597426E-02
   0.1000000000000000  -4.2053225301729967E-02
   0.1010000000000000  -4.2475610386841639E-02
   0.1020000000000000  -4.2898009041310303E-02
   0.1030000000000000  -4.3320420414779667E-02
   0.1040000000000000  -4.3742843649093914E-02
   0.1050000000000000  -4.4165277878231719E-02
   0.1060000000000000  -4.4587722228239722E-02
   0.1070000000000000  -4.5010175817165356E-02
   0.1080000000000000  -4.5432637754989083E-02
   0.1090000000000000  -4.5855107143556048E-02
   0.1100000000000000  -4.6277583076507062E-02
   0.1110000000000000  -4.6700064639209012E-02
   0.1120000000000000  -4.7122550908684613E-02
   0.1130000000000000  -4.7545040953541541E-02
   0.1140000000000000  -4.7967533833900913E-02
   0.1150000000000000  -4.8390028601325102E-02
   0.1160000000000000  -4.8812524298744969E-02
   0.1170000000000000  -4.9235019960386338E-02
   0.1180000000000000  -4.9657514611695847E-02
   0.1190000000000000  -5.0080007269266189E-02
   0.1200000000000000  -5.0502496940760526E-02
   0.1210000000000000  -5.0924982624836357E-02
   0.1220000000000000  -5.1347463311068618E-02
   0.1230000000000000  -5.1769937979872109E-02
   0.1240000000000000  -5.2192405602423157E-02
   0.1250000000000000  -5.2614865140580676E-02
   0.1260000000000000  -5.3037315546806379E-02
   0.1270000000000000  -5.3459755764084349E-02
   0.1280000000000000  -5.3882184725839825E-02
   0.1290000000000000  -5.4304601355857261E-02
   0.1300000000000000  -5.4727004568197644E-02
   0.1310000000000000  -5.5149393267115029E-02
   0.1320000000000000  -5.5571766346972314E-02
   0.1330000000000000  -5.5994122692156249E-02
   0.1340000000000000  -5.6416461176991672E-02
   0.1350000000000000  -5.6838780665654912E-02
   0.1360000000000000  -5.7261080012086435E-02
   0.1370000000000000  -5.7683358059902663E-02
   0.1380000000000000  -5.8105613642306993E-02
   0.1390000000000000  -5.8527845581999971E-02
   0.1400000000000000  -5.8950052691088668E-02
   0.1410000000000000  -5.9372233770995160E-02
   0.1420000000000000  -5.9794387612364254E-02
   0.1430000000000000  -6.0216512994970203E-02
   0.1440000000000000  -6.0638608687622754E-02
   0.1450000000000000  -6.1060673448072145E-02
   0.1460000000000000  -6.1482706022913308E-02
   0.1470000000000000  -6.1904705147489171E-02
   0.1480000000000000  -6.2326669545793058E-02
   0.1490000000000000  -6.2748597930370131E-02
   0.1500000000000000  -6.3170489002217972E-02
   0.1510000000000000  -6.3592341450686235E-02
   0.1520000000000000  -6.4014153953375286E-02
   0.1530000000000000  -6.4435925176033984E-02
   0.1540000000000000  -6.4857653772456433E-02
   0.1550000000000000  -6.5279338384377814E-02
   0.1560000000000000  -6.5700977641369215E-02
   0.1570000000000000  -6.6122570160731489E-02
   0.1580000000000000  -6.6544114547388053E-02
   0.1590000000000000  -6.6965609393776798E-02
   0.1600000000000000  -6.7387053279740830E-02
   0.1610000000000000  -6.7808444772418305E-02
   0.1620000000000000  -6.8229782426131175E-02
   0.1630000000000000  -6.8651064782272841E-02
   0.1640000000000000  -6.9072290369194836E-02
   0.1650000000000000  -6.9493457702092323E-02
   0.1660000000000000  -6.9914565282888641E-02
   0.1670000000000000  -7.0335611600118614E-02
   0.1680000000000000  -7.0756595128810815E-02
   0.1690000000000000  -7.1177514330368799E-02
   0.1700000000000000  -7.1598367652451006E-02
   0.1710000000000000  -7.2019153528849716E-02
   0.1720000000000000  -7.2439870379368734E-02
   0.1730000000000000  -7.2860516609699943E-02
   0.1740000000000000  -7.3281090611298699E-02
   0.1750000000000000  -7.3701590761257957E-02
   0.1760000000000000  -7.4122015422181275E-02
   0.1770000000000000  -7.4542362942054630E-02
   0.1780000000000000  -7.4962631654116846E-02
   0.1790000000000000  -7.5382819876728915E-02
   0.1800000000000000  -7.5802925913242086E-02
   0.1810000000000000  -7.6222948051864525E-02
   0.1820000000000000  -7.6642884565526884E-02
   0.1830000000000000  -7.7062733711746406E-02
   0.1840000000000000  -7.7482493732489846E-02
   0.1850000000000000  -7.7902162854034993E-02
   0.1860000000000000  -7.8321739286830880E-02
   0.1870000000000000  -7.8741221225356636E-02
   0.1880000000000000  -7.9160606847979015E-02
   0.1890000000000000  -7.9579894316808425E-02
   0.1900000000000000  -7.9999081777553702E-02
   0.1910000000000000  -8.0418167359375389E-02
   0.1920000000000000  -8.0837149174737610E-02
   0.1930000000000000  -8.1256025319258476E-02
   0.1940000000000000  -8.1674793871559098E-02
   0.1950000000000000  -8.2093452893111082E-02
   0.1960000000000000  -8.2512000428082502E-02
   0.1970000000000000  -8.2930434503182465E-02
   0.1980000000000000  -8.3348753127504033E-02
   0.1990000000000000  -8.3766954292365733E-02
   0.2000000000000000  -8.4185035971151415E-02
   0.2010000000000000  -8.4602996119148594E-02
   0.2020000000000000  -8.5020832673385158E-02
   0.2030000000000000  -8.5438543552464552E-02
   0.2040000000000000  -8.5856126656399204E-02
   0.2050000000000000  -8.6273579866442518E-02
   0.2060000000000000  -8.6690901044918944E-02
   0.2070000000000000  -8.7108088035052600E-02
   0.2080000000000000  -8.7525138660794116E-02
   0.2090000000000000  -8.7942050726645696E-02
   0.2100000000000000  -8.8358822017484601E-02
   0.2110000000000000  -8.8775450298384698E-02
   0.2120000000000000  -8.9191933314436450E-02
   0.2130000000000000  -8.9608268790564868E-02
   0.2140000000000000  -9.0024454431345935E-02
   0.2150000000000000  -9.0440487920820919E-02
   0.2160000000000000  -9.0856366922309084E-02
   0.2170000000000000  -9.1272089078218335E-02
   0.2180000000000000  -9.1687652009854154E-02
   0.2190000000000000  -9.2103053317226416E-02
   0.2200000000000000  -9.2518290578854509E-02
   0.2210000000000000  -9.2933361351570279E-02
   0.2220000000000000  -9.3348263170319190E-02
   0.2230000000000000  -9.3762993547959320E-02
   0.2240000000000000  -9.4177549975058478E-02
   0.2250000000000000  -9.4591929919689191E-02
   0.2260000000000000  -9.5006130827221674E-02
   0.2270000000000000  -9.5420150120114677E-02
   0.2280000000000000  -9.5833985197704238E-02
   0.2290000000000000  -9.6247633435990354E-02
   0.2300000000000000  -9.6661092187421374E-02
   0.2310000000000000  -9.7074358780676315E-02
   0.2320000000000000  -9.7487430520444937E-02
   0.2330000000000000  -9.7900304687205619E-02
   0.2340000000000000  -9.8312978537000897E-02
   0.2350000000000000  -9.8725449301210758E-02
   0.2360000000000000  -9.9137714186323750E-02
   0.2370000000000000  -9.9549770373705534E-02
   0.2380000000000000  -9.9961615019365221E-02
   0.2390000000000000  -0.1003732452537194
   0.2400000000000000  -0.1007846581813533
   0.2410000000000000  -0.1011958508807805
   0.2420000000000000  -0.1016068204041989
   0.2430000000000000  -0.1020175637772451
   0.2440000000000000  -0.1024280779987459
   0.2450000000000000  -0.1028383600404676
   0.2460000000000000  -0.1032484068468619
   0.2470000000000000  -0.1036582153348104
   0.2480000000000000  -0.1040677823933653
   0.2490000000000000  -0.1044771048834880
   0.2500000000000000  -0.1048861796377851
   0.2510000000000000  -0.1052950034602414
   0.2520000000000000  -0.1057035731259500
   0.2530000000000000  -0.1061118853808403
   0.2540000000000000  -0.1065199369414023
   0.2550000000000000  -0.1069277244944085
   0.2560000000000000  -0.1073352446966330
   0.2570000000000000  -0.1077424941745673
   0.2580000000000000  -0.1081494695241335
   0.2590000000000000  -0.1085561673103945
   0.2600000000000000  -0.1089625840672606
   0.2610000000000000  -0.1093687162971938
   0.2620000000000000  -0.1097745604709085
   0.2630000000000000  -0.1101801130270696
   0.2640000000000000  -0.1105853703719863
   0.2650000000000000  -0.1109903288793042
   0.2660000000000000  -0.1113949848896930
   0.2670000000000000  -0.1117993347105312
   0.2680000000000000  -0.1122033746155880
   0.2690000000000000  -0.1126071008447011
   0.2700000000000000  -0.1130105096034515
   0.2710000000000000  -0.1134135970628348
   0.2720000000000000  -0.1138163593589287
   0.2730000000000000  -0.1142187925925579
   0.2740000000000000  -0.1146208928289541
   0.2750000000000000  -0.1150226560974137
   0.2760000000000000  -0.1154240783909506
   0.2770000000000000  -0.1158251556659467
   0.2780000000000000  -0.1162258838417973
   0.2790000000000000  -0.1166262588005533
   0.2800000000000000  -0.1170262763865603
   0.2810000000000000  -0.1174259324060924
   0.2820000000000000  -0.1178252226269830
   0.2830000000000000  -0.1182241427782517
   0.2840000000000000  -0.1186226885497268
   0.2850000000000000  -0.1190208555916637
   0.2860000000000000  -0.1194186395143595
   0.2870000000000000  -0.1198160358877633
   0.2880000000000000  -0.1202130402410823
   0.2890000000000000  -0.1206096480623839
   0.2900000000000000  -0.1210058547981926
   0.2910000000000000  -0.1214016558530837
   0.2920000000000000  -0.1217970465892720
   0.2930000000000000  -0.1221920223261960
   0.2940000000000000  -0.1225865783400974
   0.2950000000000000  -0.1229807098635968
   0.2960000000000000  -0.1233744120852640
   0.2970000000000000  -0.1237676801491837
   0.2980000000000000  -0.1241605091545171
   0.2990000000000000  -0.1245528941550578
   0.3000000000000000  -0.1249448301587832
   0.3010000000000000  -0.1253363121274017
   0.3020000000000000  -0.1257273349758933
   0.3030000000000000  -0.1261178935720470
   0.3040000000000000  -0.1265079827359918
   0.3050000000000000  -0.1268975972397230
   0.3060000000000000  -0.1272867318066230
   0.3070000000000000  -0.1276753811109777
   0.3080000000000000  -0.1280635397774861
   0.3090000000000000  -0.1284512023807657
   0.3100000000000000  -0.1288383634448519
   0.3110000000000000  -0.1292250174426918
   0.3120000000000000  -0.1296111587956326
   0.3130000000000000  -0.1299967818729041
   0.3140000000000000  -0.1303818809910954
   0.3150000000000000  -0.1307664504136260
   0.3160000000000000  -0.1311504843502110
   0.3170000000000000  -0.1315339769563198
   0.3180000000000000  -0.1319169223326294
   0.3190000000000000  -0.1322993145244711
   0.3200000000000000  -0.1326811475212713
   0.3210000000000000  -0.1330624152559857
   0.3220000000000000  -0.1334431116045277
   0.3230000000000000  -0.1338232303851891
   0.3240000000000000  -0.1342027653580561
   0.3250000000000000  -0.1345817102244171
   0.3260000000000000  -0.1349600586261644
   0.3270000000000000  -0.1353378041451896
   0.3280000000000000  -0.1357149403027710
   0.3290000000000000  -0.1360914605589551
   0.3300000000000000  -0.1364673583119309
   0.3310000000000000  -0.1368426268973960
   0.3320000000000000  -0.1372172595879173
   0.3330000000000000  -0.1375912495922826
   0.3340000000000000  -0.1379645900548458
   0.3350000000000000  -0.1383372740548649
   0.3360000000000000  -0.1387092946058311
   0.3370000000000000  -0.1390806446547914
   0.3380000000000000  -0.1394513170816630
   0.3390000000000000  -0.1398213046985397
   0.3400000000000000  -0.1401906002489903
   0.3410000000000000  -0.1405591964073495
   0.3420000000000000  -0.1409270857779993
   0.3430000000000000  -0.1412942608946437
   0.3440000000000000  -0.1416607142195735
   0.3450000000000000  -0.1420264381429239
   0.3460000000000000  -0.1423914249819223
   0.3470000000000000  -0.1427556669801280
   0.3480000000000000  -0.1431191563066631
   0.3490000000000000  -0.1434818850554340
   0.3500000000000000  -0.1438438452443443
   0.3510000000000000  -0.1442050288144978
   0.3520000000000000  -0.1445654276293931
   0.3530000000000000  -0.1449250334741080
   0.3540000000000000  -0.1452838380544743
   0.3550000000000000  -0.1456418329962437
   0.3560000000000000  -0.1459990098442430
   0.3570000000000000  -0.1463553600615194
   0.3580000000000000  -0.1467108750284767
   0.3590000000000000  -0.1470655460420000
   0.3600000000000000  -0.1474193643145703
   0.3610000000000000  -0.1477723209733699
   0.3620000000000000  -0.1481244070593751
   0.3630000000000000  -0.1484756135264397
   0.3640000000000000  -0.1488259312403669
   0.3650000000000000  -0.1491753509779704
   0.3660000000000000  -0.1495238634261241
   0.3670000000000000  -0.1498714591808001
   0.3680000000000000  -0.1502181287460965
   0.3690000000000000  -0.1505638625332516
   0.3700000000000000  -0.1509086508596478
   0.3710000000000000  -0.1512524839478031
   0.3720000000000000  -0.1515953519243498
   0.3730000000000000  -0.1519372448190022
   0.3740000000000000  -0.1522781525635102
   0.3750000000000000  -0.1526180649906018
   0.3760000000000000  -0.1529569718329116
   0.3770000000000000  -0.1532948627218973
   0.3780000000000000  -0.1536317271867418
   0.3790000000000000  -0.1539675546532433
   0.3800000000000000  -0.1543023344426912
   0.3810000000000000  -0.1546360557707278
   0.3820000000000000  -0.1549687077461972
   0.3830000000000000  -0.1553002793699794
   0.3840000000000000  -0.1556307595338100
   0.3850000000000000  -0.1559601370190859
   0.3860000000000000  -0.1562884004956561
   0.3870000000000000  -0.1566155385205976
   0.3880000000000000  -0.1569415395369760
   0.3890000000000000  -0.1572663918725913
   0.3900000000000000  -0.1575900837387079
   0.3910000000000000  -0.1579126032287688
   0.3920000000000000  -0.1582339383170939
   0.3930000000000000  -0.1585540768575625
   0.3940000000000000  -0.1588730065822787
   0.3950000000000000  -0.1591907151002209
   0.3960000000000000  -0.1595071898958742
   0.3970000000000000  -0.1598224183278454
   0.3980000000000000  -0.1601363876274611
   0.3990000000000000  -0.1604490848973483
   0.4000000000000000  -0.1607604971099966
   0.4010000000000000  -0.1610706111063031
   0.4020000000000000  -0.1613794135940983
   0.4030000000000000  -0.1616868911466539
   0.4040000000000000  -0.1619930302011717
   0.4050000000000000  -0.1622978170572531
   0.4060000000000000  -0.1626012378753495
   0.4070000000000000  -0.1629032786751930
   0.4080000000000000  -0.1632039253342074
   0.4090000000000000  -0.1635031635858983
   0.4100000000000000  -0.1638009790182235
   0.4110000000000000  -0.1640973570719421
   0.4120000000000000  -0.1643922830389426
   0.4130000000000000  -0.1646857420605501
   0.4140000000000000  -0.1649777191258108
   0.4150000000000000  -0.1652681990697556
   0.4160000000000000  -0.1655571665716406
   0.4170000000000000  -0.1658446061531650
   0.4180000000000000  -0.1661305021766669
   0.4190000000000000  -0.1664148388432942
   0.4200000000000000  -0.1666976001911536
   0.4210000000000000  -0.1669787700934344
   0.4220000000000000  -0.1672583322565084
   0.4230000000000000  -0.1675362702180049
   0.4240000000000000  -0.1678125673448611
   0.4250000000000000  -0.1680872068313469
   0.4260000000000000  -0.1683601716970632
   0.4270000000000000  -0.1686314447849151
   0.4280000000000000  -0.1689010087590582
   0.4290000000000000  -0.1691688461028175
   0.4300000000000000  -0.1694349391165793
   0.4310000000000000  -0.1696992699156556
   0.4320000000000000  -0.1699618204281201
   0.4330000000000000  -0.1702225723926155
   0.4340000000000000  -0.1704815073561319
   0.4350000000000000  -0.1707386066717558
   0.4360000000000000  -0.1709938514963898
   0.4370000000000000  -0.1712472227884405
   0.4380000000000000  -0.1714987013054776
   0.4390000000000000  -0.1717482676018600
   0.4400000000000000  -0.1719959020263315
   0.4410000000000000  -0.1722415847195835
   0.4420000000000000  -0.1724852956117857
   0.4430000000000000  -0.1727270144200831
   0.4440000000000000  -0.1729667206460597
   0.4450000000000000  -0.1732043935731680
   0.4460000000000000  -0.1734400122641240
   0.4470000000000000  -0.1736735555582665
   0.4480000000000000  -0.1739050020688812
   0.4490000000000000  -0.1741343301804884
   0.4500000000000000  -0.1743615180460937
   0.4510000000000000  -0.1745865435844017
   0.4520000000000000  -0.1748093844769913
   0.4530000000000000  -0.1750300181654526
   0.4540000000000000  -0.1752484218484852
   0.4550000000000000  -0.1754645724789561
   0.4560000000000000  -0.1756784467609174
   0.4570000000000000  -0.1758900211465834
   0.4580000000000000  -0.1760992718332657
   0.4590000000000000  -0.1763061747602664
   0.4600000000000000  -0.1765107056057283
   0.4610000000000000  -0.1767128397834415
   0.4620000000000000  -0.1769125524396057
   0.4630000000000000  -0.1771098184495476
   0.4640000000000000  -0.1773046124143933
   0.4650000000000000  -0.1774969086576932
   0.4660000000000000  -0.1776866812220009
   0.4670000000000000  -0.1778739038654039
   0.4680000000000000  -0.1780585500580052
   0.4690000000000000  -0.1782405929783573
   0.4700000000000000  -0.1784200055098435
   0.4710000000000000  -0.1785967602370112
   0.4720000000000000  -0.1787708294418510
   0.4730000000000000  -0.1789421851000250
   0.4740000000000000  -0.1791107988770412
   0.4750000000000000  -0.1792766421243732
   0.4760000000000000  -0.1794396858755259
   0.4770000000000000  -0.1795999008420444
   0.4780000000000000  -0.1797572574094664
   0.4790000000000000  -0.1799117256332169
   0.4800000000000000  -0.1800632752344443
   0.4810000000000000  -0.1802118755957965
   0.4820000000000000  -0.1803574957571371
   0.4830000000000000  -0.1805001044111993
   0.4840000000000000  -0.1806396698991780
   0.4850000000000000  -0.1807761602062578
   0.4860000000000000  -0.1809095429570765
   0.4870000000000000  -0.1810397854111234
   0.4880000000000000  -0.1811668544580703
   0.4890000000000000  -0.1812907166130349
   0.4900000000000000  -0.1814113380117757
   0.4910000000000000  -0.1815286844058163
   0.4920000000000000  -0.1816427211574990
   0.4930000000000000  -0.1817534132349652
   0.4940000000000000  -0.1818607252070639
   0.4950000000000000  -0.1819646212381833
   0.4960000000000000  -0.1820650650830083
   0.4970000000000000  -0.1821620200811995
   0.4980000000000000  -0.1822554491519945
   0.4990000000000000  -0.1823453147887287
   0.5000000000000000  -0.1824315790532752
   0.5010000000000000  -0.1825142035704022
   0.5020000000000000  -0.1825931495220467
   0.5030000000000000  -0.1826683776415024
   0.5040000000000000  -0.1827398482075209
   0.5050000000000000  -0.1828075210383255
   0.5060000000000000  -0.1828713554855338
   0.5070000000000000  -0.1829313104279910
   0.5080000000000000  -0.1829873442655084
   0.5090000000000000  -0.1830394149125094
   0.5100000000000000  -0.1830874797915783
   0.5110000000000000  -0.1831314958269119
   0.5120000000000000  -0.1831714194376724
   0.5130000000000000  -0.1832072065312384
   0.5140000000000000  -0.1832388124963543
   0.5150000000000000  -0.1832661921961743
   0.5160000000000000  -0.1832892999612009
   0.5170000000000000  -0.1833080895821151
   0.5180000000000000  -0.1833225143024964
   0.5190000000000000  -0.1833325268114318
   0.5200000000000000  -0.1833380792360101
   0.5210000000000000  -0.1833391231337012
   0.5220000000000000  -0.1833356094846174
   0.5230000000000000  -0.1833274886836546
   0.5240000000000000  -0.1833147105325123
   0.5250000000000000  -0.1832972242315893
   0.5260000000000000  -0.1832749783717527
   0.5270000000000000  -0.1832479209259792
   0.5280000000000000  -0.1832159992408658
   0.5290000000000000  -0.1831791600280066
   0.5300000000000000  -0.1831373493552354
   0.5310000000000000  -0.1830905126377300
   0.5320000000000000  -0.1830385946289761
   0.5330000000000000  -0.1829815394115894
   0.5340000000000000  -0.1829192903879916
   0.5350000000000000  -0.1828517902709390
   0.5360000000000000  -0.1827789810739009
   0.5370000000000000  -0.1827008041012845
   0.5380000000000000  -0.1826171999385040
   0.5390000000000000  -0.1825281084418910
   0.5400000000000000  -0.1824334687284438
   0.5410000000000000  -0.1823332191654110
   0.5420000000000000  -0.1822272973597095
   0.5430000000000000  -0.1821156401471702
   0.5440000000000000  -0.1819981835816109
   0.5450000000000000  -0.1818748629237330
   0.5460000000000000  -0.1817456126298370
   0.5470000000000000  -0.1816103663403554
   0.5480000000000000  -0.1814690568681992
   0.5490000000000000  -0.1813216161869136
   0.5500000000000000  -0.1811679754186405
   0.5510000000000000  -0.1810080648218841
   0.5520000000000000  -0.1808418137790749
   0.5530000000000000  -0.1806691507839300
   0.5540000000000000  -0.1804900034286048
   0.5550000000000000  -0.1803042983906319
   0.5560000000000000  -0.1801119614196444
   0.5570000000000001  -0.1799129173238794
   0.5580000000000001  -0.1797070899564557
   0.5590000000000001  -0.1794944022014246
   0.5600000000000001  -0.1792747759595863
   0.5610000000000001  -0.1790481321340703
   0.5620000000000001  -0.1788143906156734
   0.5629999999999999  -0.1785734702679511
   0.5639999999999999  -0.1783252889120583
   0.5649999999999999  -0.1780697633113348
   0.5659999999999999  -0.1778068091556289
   0.5669999999999999  -0.1775363410453558
   0.5679999999999999  -0.1772582724752861
   0.5690000000000000  -0.1769725158180569
   0.5700000000000000  -0.1766789823074024
   0.5710000000000000  -0.1763775820210982
   0.5720000000000000  -0.1760682238636123
   0.5730000000000000  -0.1757508155484587
   0.5740000000000000  -0.1754252635802479
   0.5750000000000000  -0.1750914732364268
   0.5760000000000000  -0.1747493485487032
   0.5770000000000000  -0.1743987922841490
   0.5780000000000000  -0.1740397059259748
   0.5790000000000000  -0.1736719896539696
   0.5800000000000000  -0.1732955423246004
   0.5810000000000000  -0.1729102614507627
   0.5820000000000000  -0.1725160431811767
   0.5830000000000000  -0.1721127822794221
   0.5840000000000000  -0.1717003721026030
   0.5850000000000000  -0.1712787045796373
   0.5860000000000000  -0.1708476701891616
   0.5870000000000000  -0.1704071579370446
   0.5880000000000000  -0.1699570553335016
   0.5890000000000000  -0.1694972483698009
   0.5900000000000000  -0.1690276214945551
   0.5910000000000000  -0.1685480575895875
   0.5920000000000000  -0.1680584379453669
   0.5930000000000000  -0.1675586422360004
   0.5940000000000000  -0.1670485484937757
   0.5950000000000000  -0.1665280330832439
   0.5960000000000000  -0.1659969706748336
   0.5970000000000000  -0.1654552342179859
   0.5980000000000000  -0.1649026949138017
   0.5990000000000000  -0.1643392221871892
   0.6000000000000000  -0.1637646836585044
   0.6010000000000000  -0.1631789451146704
   0.6020000000000000  -0.1625818704797686
   0.6030000000000000  -0.1619733217850869
   0.6040000000000000  -0.1613531591386166
   0.6050000000000000  -0.1607212406939856
   0.6060000000000000  -0.1600774226188150
   0.6070000000000000  -0.1594215590624884
   0.6080000000000000  -0.1587535021233212
   0.6090000000000000  -0.1580731018151165
   0.6100000000000000  -0.1573802060330958
   0.6110000000000000  -0.1566746605191900
   0.6120000000000000  -0.1559563088266782
   0.6130000000000000  -0.1552249922841602
   0.6140000000000000  -0.1544805499588468
   0.6150000000000000  -0.1537228186191568
   0.6160000000000000  -0.1529516326966019
   0.6170000000000000  -0.1521668242469465
   0.6180000000000000  -0.1513682229106272
   0.6190000000000000  -0.1505556558724133
   0.6200000000000000  -0.1497289478202952
   0.6210000000000000  -0.1488879209035809
   0.6220000000000000  -0.1480323946901857
   0.6230000000000000  -0.1471621861230960
   0.6240000000000000  -0.1462771094759897
   0.6250000000000000  -0.1453769763079945
   0.6260000000000000  -0.1444615954175649
   0.6270000000000000  -0.1435307727954593
   0.6280000000000000  -0.1425843115767964
   0.6290000000000000  -0.1416220119921702
   0.6300000000000000  -0.1406436713178040
   0.6310000000000000  -0.1396490838247207
   0.6320000000000000  -0.1386380407269080
   0.6330000000000000  -0.1376103301284555
   0.6340000000000000  -0.1365657369696411
   0.6350000000000000  -0.1355040429719430
   0.6360000000000000  -0.1344250265819519
   0.6370000000000000  -0.1333284629141607
   0.6380000000000000  -0.1322141236926034
   0.6390000000000000  -0.1310817771913194
   0.6400000000000000  -0.1299311881736148
   0.6410000000000000  -0.1287621178300941
   0.6420000000000000  -0.1275743237154330
   0.6430000000000000  -0.1263675596838647
   0.6440000000000000  -0.1251415758233486
   0.6450000000000000  -0.1238961183883916
   0.6460000000000000  -0.1226309297314909
   0.6470000000000000  -0.1213457482331652
   0.6480000000000000  -0.1200403082305426
   0.6490000000000000  -0.1187143399444705
   0.6500000000000000  -0.1173675694051133
   0.6510000000000000  -0.1159997183760012
   0.6520000000000000  -0.1146105042764960
   0.6530000000000000  -0.1131996401026326
   0.6540000000000000  -0.1117668343463021
   0.6550000000000000  -0.1103117909127325
   0.6560000000000000  -0.1088342090362302
   0.6570000000000000  -0.1073337831941382
   0.6580000000000000  -0.1058102030189688
   0.6590000000000000  -0.1042631532086671
   0.6600000000000000  -0.1026923134349605
   0.6610000000000000  -0.1010973582497464
   0.6620000000000000  -9.9477956989471955E-02
   0.6630000000000000  -9.7833773677456062E-02
   0.6640000000000000  -9.6164466924103811E-02
   0.6650000000000000  -9.4469689824961317E-02
   0.6660000000000000  -9.2749089856557956E-02
   0.6670000000000000  -9.1002308769981791E-02
   0.6680000000000000  -8.9228982482131583E-02
   0.6690000000000000  -8.7428740964588303E-02
   0.6700000000000000  -8.5601208130046555E-02
   0.6710000000000000  -8.3746001716245244E-02
   0.6720000000000000  -8.1862733167334806E-02
   0.6730000000000000  -7.9951007512616856E-02
   0.6740000000000000  -7.8010423242589819E-02
   0.6750000000000000  -7.6040572182232896E-02
   0.6760000000000000  -7.4041039361458089E-02
   0.6770000000000000  -7.2011402882658671E-02
   0.6780000000000000  -6.9951233785279940E-02
   0.6790000000000000  -6.7860095907336132E-02
   0.6800000000000000  -6.5737545743795589E-02
   0.6810000000000000  -6.3583132301753109E-02
   0.6820000000000001  -6.1396396952307135E-02
   0.6830000000000001  -5.9176873279056338E-02
   0.6840000000000001  -5.6924086923127816E-02
   0.6850000000000001  -5.4637555424646801E-02
   0.6860000000000001  -5.2316788060554911E-02
   0.6870000000000001  -4.9961285678681286E-02
   0.6879999999999999  -4.7570540527968511E-02
   0.6889999999999999  -4.5144036084750316E-02
   0.6899999999999999  -4.2681246874980809E-02
   0.6909999999999999  -4.0181638292302375E-02
   0.6919999999999999  -3.7644666411845738E-02
   0.6929999999999999  -3.5069777799646533E-02
   0.6940000000000000  -3.2456409317561351E-02
   0.6950000000000000  -2.9803987923562449E-02
   0.6960000000000000  -2.7111930467286490E-02
   0.6970000000000000  -2.4379643480709142E-02
   0.6980000000000000  -2.1606522963813268E-02
   0.6990000000000000  -1.8791954165114554E-02
   0.7000000000000000  -1.5935311356904194E-02
   0.7010000000000000  -1.3035957605063956E-02
   0.7020000000000000  -1.0093244533304535E-02
   0.7030000000000000  -7.1065120816734516E-03
   0.7040000000000000  -4.0750882591740305E-03
   0.7050000000000000  -9.9828889033205760E-04
   0.7060000000000000   2.1245826444583702E-03
   0.7070000000000000   5.2942356749835729E-03
   0.7080000000000000   8.5113925138327953E-03
   0.7090000000000000   1.1776788735779352E-02
   0.7100000000000000   1.5091173464111108E-02
   0.7110000000000000   1.8455309664107009E-02
   0.7120000000000000   2.1869974443862690E-02
   0.7130000000000000   2.5335959362674597E-02
   0.7140000000000000   2.8854070747198840E-02
   0.7150000000000000   3.2425130015607852E-02
   0.7160000000000000   3.6049974009975221E-02
   0.7170000000000000   3.9729455337126456E-02
   0.7180000000000000   4.3464442718201178E-02
   0.7190000000000000   4.7255821347180170E-02
   0.7200000000000000   5.1104493258639194E-02
   0.7210000000000000   5.5011377704999843E-02
   0.7220000000000000   5.8977411543556714E-02
   0.7230000000000000   6.3003549633569439E-02
   0.7240000000000000   6.7090765243717612E-02
   0.7250000000000000   7.1240050470226648E-02
   0.7260000000000000   7.5452416665982833E-02
   0.7270000000000000   7.9728894880966419E-02
   0.7280000000000000   8.4070536314342983E-02
   0.7290000000000000   8.8478412778564358E-02
   0.7300000000000000   9.2953617175842676E-02
   0.7310000000000000   9.7497263987373239E-02
   0.7320000000000000   0.1021104897756947
   0.7330000000000000   0.1067944537005889
   0.7340000000000000   0.1115503380489355
   0.7350000000000000   0.1163793487789517
   0.7360000000000000   0.1212827160792629
   0.7370000000000000   0.1262616949432628
   0.7380000000000000   0.1313175657592419
   0.7390000000000000   0.1364516349167759
   0.7400000000000000   0.1416652354298847
   0.7410000000000000   0.1469597275774921
   0.7420000000000000   0.1523364995617321
   0.7430000000000000   0.1577969681846683
   0.7440000000000000   0.1633425795440158
   0.7450000000000000   0.1689748097484711
   0.7460000000000000   0.1746951656532813
   0.7470000000000000   0.1805051856167057
   0.7480000000000000   0.1864064402780454
   0.7490000000000000   0.1924005333579424
   0.7500000000000000   0.1984891024816757
   0.7510000000000000   0.2046738200262061
   0.7520000000000000   0.2109563939917525
   0.7530000000000000   0.2173385688987094
   0.7540000000000000   0.2238221267107453
   0.7550000000000000   0.2304088877849537
   0.7560000000000000   0.2371007118499615
   0.7570000000000000   0.2438994990129328
   0.7580000000000000   0.2508071907964401
   0.7590000000000000   0.2578257712062166
   0.7600000000000000   0.2649572678308354
   0.7610000000000000   0.2722037529744065
   0.7620000000000000   0.2795673448234224
   0.7630000000000000   0.2870502086489258
   0.7640000000000000   0.2946545580452205
   0.7650000000000000   0.3023826562063923
   0.7660000000000000   0.3102368172419560
   0.7670000000000000   0.3182194075329994
   0.7680000000000000   0.3263328471302429
   0.7690000000000000   0.3345796111954970
   0.7700000000000000   0.3429622314880524
   0.7710000000000000   0.3514832978976025
   0.7720000000000000   0.3601454600253600
   0.7730000000000000   0.3689514288150984
   0.7740000000000000   0.3779039782359160
   0.7750000000000000   0.3870059470185964
   0.7760000000000000   0.3962602404475128
   0.7770000000000000   0.4056698322101052
   0.7780000000000000   0.4152377663060426
   0.7790000000000000   0.4249671590182686
   0.7800000000000000   0.4348612009482208
   0.7810000000000000   0.4449231591176099
   0.7820000000000000   0.4551563791392449
   0.7830000000000000   0.4655642874594925
   0.7840000000000000   0.4761503936750728
   0.7850000000000000   0.4869182929270037
   0.7860000000000000   0.4978716683746285
   0.7870000000000000   0.5090142937527877
   0.7880000000000000   0.5203500360153250
   0.7890000000000000   0.5318828580682581
   0.7900000000000000   0.5436168215960878
   0.7910000000000000   0.5555560899848730
   0.7920000000000000   0.5677049313458540
   0.7930000000000000   0.5800677216435770
   0.7940000000000000   0.5926489479326482
   0.7950000000000000   0.6054532117074246
   0.7960000000000000   0.6184852323691465
   0.7970000000000000   0.6317498508152182
   0.7980000000000000   0.6452520331555506
   0.7990000000000000   0.6589968745611120
   0.8000000000000000   0.6729896032500583
   0.8010000000000000   0.6872355846170659
   0.8020000000000000   0.7017403255117480
   0.8030000000000000   0.7165094786723073
   0.8040000000000000   0.7315488473208621
   0.8050000000000000   0.7468643899271891
   0.8060000000000000   0.7624622251479369
   0.8070000000000001   0.7783486369487025
   0.8080000000000001   0.7945300799167089
   0.8090000000000001   0.8110131847721984
   0.8100000000000001   0.8278047640870377
   0.8110000000000001   0.8449118182194464
   0.8120000000000001   0.8623415414741884
   0.8129999999999999   0.8801013284980240
   0.8139999999999999   0.8981987809207094
   0.8149999999999999   0.9166417142522956
   0.8159999999999999   0.9354381650480882
   0.8169999999999999   0.9545963983531141
   0.8179999999999999   0.9741249154385856
   0.8190000000000000   0.9940324618434632
   0.8200000000000000   1.0143280357348827
   0.8210000000000000   1.0350208966019172
   0.8220000000000000   1.0561205742978783
   0.8230000000000000   1.0776368784471531
   0.8240000000000000   1.0995799082333892
   0.8250000000000000   1.1219600625867301
   0.8260000000000000   1.1447880507887136
   0.8270000000000000   1.1680749035144415
   0.8280000000000000  0.0000000000000000E+000
   0.8290000000000000  0.0000000000000000E+000
   0.8300000000000000  0.0000000000000000E+000
   0.8310000000000000  0.0000000000000000E+000
   0.8320000000000000  0.0000000000000000E+000
   0.8330000000000000  0.0000000000000000E+000
   0.8340000000000000  0.0000000000000000E+000
   0.8350000000000000  0.0000000000000000E+000
   0.8360000000000000  0.0000000000000000E+000
   0.8370000000000000  0.0000000000000000E+000
   0.8380000000000000  0.0000000000000000E+000
   0.8390000000000000  0.0000000000000000E+000
   0.8400000000000000  0.0000000000000000E+000
   0.8410000000000000  0.0000000000000000E+000
   0.8420000000000000  0.0000000000000000E+000
   0.8430000000000000  0.0000000000000000E+000
   0.8440000000000000  0.0000000000000000E+000
   0.8450000000000000  0.0000000000000000E+000
   0.8460000000000000  0.0000000000000000E+000
   0.8470000000000000  0.0000000000000000E+000
   0.8480000000000000  0.0000000000000000E+000
   0.8490000000000000  0.0000000000000000E+000
   0.8500000000000000  0.0000000000000000E+000
   0.8510000000000000  0.0000000000000000E+000
   0.8520000000000000  0.0000000000000000E+000
   0.8530000000000000  0.0000000000000000E+000
   0.8540000000000000  0.0000000000000000E+000
   0.8550000000000000  0.0000000000000000E+000
   0.8560000000000000  0.0000000000000000E+000
   0.8570000000000000  0.0000000000000000E+000
   0.8580000000000000  0.0000000000000000E+000
   0.8590000000000000  0.0000000000000000E+000
   0.8600000000000000  0.0000000000000000E+000
   0.8610000000000000  0.0000000000000000E+000
   0.8620000000000000  0.0000000000000000E+000
   0.8630000000000000  0.0000000000000000E+000
   0.8640000000000000  0.0000000000000000E+000
   0.8650000000000000  0.0000000000000000E+000
   0.8660000000000000  0.0000000000000000E+000
   0.8670000000000000  0.0000000000000000E+000
   0.8680000000000000  0.0000000000000000E+000
   0.8690000000000000  0.0000000000000000E+000
   0.8700000000000000  0.0000000000000000E+000
   0.8710000000000000  0.0000000000000000E+000
   0.8720000000000000  0.0000000000000000E+000
   0.8730000000000000  0.0000000000000000E+000
   0.8740000000000000  0.0000000000000000E+000
   0.8750000000000000  0.0000000000000000E+000
   0.8760000000000000  0.0000000000000000E+000
   0.8770000000000000  0.0000000000000000E+000
   0.8780000000000000  0.0000000000000000E+000
   0.8790000000000000  0.0000000000000000E+000
   0.8800000000000000  0.0000000000000000E+000
   0.8810000000000000  0.0000000000000000E+000
   0.8820000000000000  0.0000000000000000E+000
   0.8830000000000000  0.0000000000000000E+000
   0.8840000000000000  0.0000000000000000E+000
   0.8850000000000000  0.0000000000000000E+000
   0.8860000000000000  0.0000000000000000E+000
   0.8870000000000000  0.0000000000000000E+000
   0.8880000000000000  0.0000000000000000E+000
   0.8890000000000000  0.0000000000000000E+000
   0.8900000000000000  0.0000000000000000E+000
   0.8910000000000000  0.0000000000000000E+000
   0.8920000000000000  0.0000000000000000E+000
   0.8930000000000000  0.0000000000000000E+000
   0.8940000000000000  0.0000000000000000E+000
   0.8950000000000000  0.0000000000000000E+000
   0.8960000000000000  0.0000000000000000E+000
   0.8970000000000000  0.0000000000000000E+000
   0.8980000000000000  0.0000000000000000E+000
   0.8990000000000000  0.0000000000000000E+000
   0.9000000000000000  0.0000000000000000E+000
   0.9010000000000000  0.0000000000000000E+000
   0.9020000000000000  0.0000000000000000E+000
   0.9030000000000000  0.0000000000000000E+000
   0.9040000000000000  0.0000000000000000E+000
   0.9050000000000000  0.0000000000000000E+000
   0.9060000000000000  0.0000000000000000E+000
   0.9070000000000000  0.0000000000000000E+000
   0.9080000000000000  0.0000000000000000E+000
   0.9090000000000000  0.0000000000000000E+000
   0.9100000000000000  0.0000000000000000E+000
   0.9110000000000000  0.0000000000000000E+000
   0.9120000000000000  0.0000000000000000E+000
   0.9130000000000000  0.0000000000000000E+000
   0.9140000000000000  0.0000000000000000E+000
   0.9150000000000000  0.0000000000000000E+000
   0.9160000000000000  0.0000000000000000E+000
   0.9170000000000000  0.0000000000000000E+000
   0.9180000000000000  0.0000000000000000E+000
   0.9190000000000000  0.0000000000000000E+000
   0.9200000000000000  0.0000000000000000E+000
   0.9210000000000000  0.0000000000000000E+000
   0.9220000000000000  0.0000000000000000E+000
   0.9230000000000000  0.0000000000000000E+000
   0.9240000000000000  0.0000000000000000E+000
   0.9250000000000000  0.0000000000000000E+000
   0.9260000000000000  0.0000000000000000E+000
   0.9270000000000000  0.0000000000000000E+000
   0.9280000000000000  0.0000000000000000E+000
   0.9290000000000000  0.0000000000000000E+000
   0.9300000000000000  0.0000000000000000E+000
   0.9310000000000000  0.0000000000000000E+000
   0.9320000000000001  0.0000000000000000E+000
   0.9330000000000001  0.0000000000000000E+000
   0.9340000000000001  0.0000000000000000E+000
   0.9350000000000001  0.0000000000000000E+000
   0.9360000000000001  0.0000000000000000E+000
   0.9370000000000001  0.0000000000000000E+000
   0.9379999999999999  0.0000000000000000E+000
   0.9389999999999999  0.0000000000000000E+000
   0.9399999999999999  0.0000000000000000E+000
   0.9409999999999999  0.0000000000000000E+000
   0.9419999999999999  0.0000000000000000E+000
   0.9429999999999999  0.0000000000000000E+000
   0.9440000000000000  0.0000000000000000E+000
   0.9450000000000000  0.0000000000000000E+000
   0.9460000000000000  0.0000000000000000E+000
   0.9470000000000000  0.0000000000000000E+000
   0.9480000000000000  0.0000000000000000E+000
   0.9490000000000000  0.0000000000000000E+000
   0.9500000000000000  0.0000000000000000E+000
   0.9510000000000000  0.0000000000000000E+000
   0.9520000000000000  0.0000000000000000E+000
   0.9530000000000000  0.0000000000000000E+000
   0.9540000000000000  0.0000000000000000E+000
   0.9550000000000000  0.0000000000000000E+000
   0.9560000000000000  0.0000000000000000E+000
   0.9570000000000000  0.0000000000000000E+000
   0.9580000000000000  0.0000000000000000E+000
   0.9590000000000000  0.0000000000000000E+000
   0.9600000000000000  0.0000000000000000E+000
   0.9610000000000000  0.0000000000000000E+000
   0.9620000000000000  0.0000000000000000E+000
   0.9630000000000000  0.0000000000000000E+000
   0.9640000000000000  0.0000000000000000E+000
   0.9650000000000000  0.0000000000000000E+000
   0.9660000000000000  0.0000000000000000E+000
   0.9670000000000000  0.0000000000000000E+000
   0.9680000000000000  0.0000000000000000E+000
   0.9690000000000000  0.0000000000000000E+000
   0.9700000000000000  0.0000000000000000E+000
   0.9710000000000000  0.0000000000000000E+000
   0.9720000000000000  0.0000000000000000E+000
   0.9730000000000000  0.0000000000000000E+000
   0.9740000000000000  0.0000000000000000E+000
   0.9750000000000000  0.0000000000000000E+000
   0.9760000000000000  0.0000000000000000E+000
   0.9770000000000000  0.0000000000000000E+000
   0.9780000000000000  0.0000000000000000E+000
   0.9790000000000000  0.0000000000000000E+000
   0.9800000000000000  0.0000000000000000E+000
   0.9810000000000000  0.0000000000000000E+000
   0.9820000000000000  0.0000000000000000E+000
   0.9830000000000000  0.0000000000000000E+000
   0.9840000000000000  0.0000000000000000E+000
   0.9850000000000000  0.0000000000000000E+000
   0.9860000000000000  0.0000000000000000E+000
   0.9870000000000000  0.0000000000000000E+000
   0.9880000000000000  0.0000000000000000E+000
   0.9890000000000000  0.0000000000000000E+000
   0.9900000000000000  0.0000000000000000E+000
   0.9910000000000000  0.0000000000000000E+000
   0.9920000000000000  0.0000000000000000E+000
   0.9930000000000000  0.0000000000000000E+000
   0.9940000000000000  0.0000000000000000E+000
   0.9950000000000000  0.0000000000000000E+000
   0.9960000000000000  0.0000000000000000E+000
   0.9970000000000000  0.0000000000000000E+000
   0.9980000000000000  0.0000000000000000E+000
   0.9990000000000000  0.0000000000000000E+000
   1.0000000000000000  0.0000000000000000E+000
