  0.0000000000000000E+000   0.8355872000000000
   1.0000000000000000E-03   0.8355445877043848
   2.0000000000000000E-03   0.8355018472515325
   3.0000000000000001E-03   0.8354589781270138
   4.0000000000000001E-03   0.8354159798138155
   5.0000000000000001E-03   0.8353728517923256
   6.0000000000000001E-03   0.8353295935403164
   7.0000000000000001E-03   0.8352862045329298
   8.0000000000000002E-03   0.8352426842426605
   8.9999999999999993E-03   0.8351990321393407
   1.0000000000000000E-02   0.8351552476901236
   1.0999999999999999E-02   0.8351113303594669
   1.2000000000000000E-02   0.8350672796091172
   1.2999999999999999E-02   0.8350230948980925
   1.4000000000000000E-02   0.8349787756826662
   1.4999999999999999E-02   0.8349343214163506
   1.6000000000000000E-02   0.8348897315498794
   1.7000000000000001E-02   0.8348450055311911
   1.7999999999999999E-02   0.8348001428054118
   1.9000000000000000E-02   0.8347551428148384
   2.0000000000000000E-02   0.8347100049989205
   2.1000000000000001E-02   0.8346647287942436
   2.1999999999999999E-02   0.8346193136345113
   2.3000000000000000E-02   0.8345737589505273
   2.4000000000000000E-02   0.8345280641701783
   2.5000000000000001E-02   0.8344822287184152
   2.5999999999999999E-02   0.8344362520172356
   2.7000000000000000E-02   0.8343901334856653
   2.8000000000000001E-02   0.8343438725397399
   2.9000000000000001E-02   0.8342974685924864
   2.9999999999999999E-02   0.8342509210539052
   3.1000000000000000E-02   0.8342042293309500
   3.2000000000000001E-02   0.8341573928275099
   3.3000000000000002E-02   0.8341104109443902
   3.4000000000000002E-02   0.8340632830792934
   3.5000000000000003E-02   0.8340160086267993
   3.5999999999999997E-02   0.8339685869783459
   3.6999999999999998E-02   0.8339210175222103
   3.7999999999999999E-02   0.8338732996434880
   3.9000000000000000E-02   0.8338254327240738
   4.0000000000000001E-02   0.8337774161426417
   4.1000000000000002E-02   0.8337292492746241
   4.2000000000000003E-02   0.8336809314921922
   4.2999999999999997E-02   0.8336324621642356
   4.3999999999999997E-02   0.8335838406563408
   4.4999999999999998E-02   0.8335350663307715
   4.5999999999999999E-02   0.8334861385464467
   4.7000000000000000E-02   0.8334370566589209
   4.8000000000000001E-02   0.8333878200203615
   4.9000000000000002E-02   0.8333384279795282
   5.0000000000000003E-02   0.8332888798817515
   5.0999999999999997E-02   0.8332391750689107
   5.1999999999999998E-02   0.8331893128794121
   5.2999999999999999E-02   0.8331392926481671
   5.3999999999999999E-02   0.8330891137065701
   5.5000000000000000E-02   0.8330387753824758
   5.6000000000000001E-02   0.8329882770001772
   5.7000000000000002E-02   0.8329376178803825
   5.8000000000000003E-02   0.8328867973401921
   5.8999999999999997E-02   0.8328358146930767
   5.9999999999999998E-02   0.8327846692488524
   6.0999999999999999E-02   0.8327333603136587
   6.2000000000000000E-02   0.8326818871899347
   6.3000000000000000E-02   0.8326302491763948
   6.4000000000000001E-02   0.8325784455680054
   6.5000000000000002E-02   0.8325264756559606
   6.6000000000000003E-02   0.8324743387276581
   6.7000000000000004E-02   0.8324220340666746
   6.8000000000000005E-02   0.8323695609527412
   6.9000000000000006E-02   0.8323169186617189
   7.0000000000000007E-02   0.8322641064655731
   7.0999999999999994E-02   0.8322111236323489
   7.1999999999999995E-02   0.8321579694261456
   7.2999999999999995E-02   0.8321046431070909
   7.3999999999999996E-02   0.8320511439313155
   7.4999999999999997E-02   0.8319974711509270
   7.5999999999999998E-02   0.8319436240139837
   7.6999999999999999E-02   0.8318896017644684
   7.8000000000000000E-02   0.8318354036422618
   7.9000000000000001E-02   0.8317810288831158
   8.0000000000000002E-02   0.8317264767186264
   8.1000000000000003E-02   0.8316717463762068
   8.2000000000000003E-02   0.8316168370790598
   8.3000000000000004E-02   0.8315617480461505
   8.4000000000000005E-02   0.8315064784921783
   8.5000000000000006E-02   0.8314510276275489
   8.5999999999999993E-02   0.8313953946583464
   8.6999999999999994E-02   0.8313395787863046
   8.7999999999999995E-02   0.8312835792087784
   8.8999999999999996E-02   0.8312273951187149
   8.9999999999999997E-02   0.8311710257046246
   9.0999999999999998E-02   0.8311144701505518
   9.1999999999999998E-02   0.8310577276360452
   9.2999999999999999E-02   0.8310007973361283
   9.4000000000000000E-02   0.8309436784212688
   9.5000000000000001E-02   0.8308863700573491
   9.6000000000000002E-02   0.8308288714056358
   9.7000000000000003E-02   0.8307711816227482
   9.8000000000000004E-02   0.8307132998606285
   9.9000000000000005E-02   0.8306552252665098
   0.1000000000000000   0.8305969569828850
   0.1010000000000000   0.8305384941474753
   0.1020000000000000   0.8304798358931978
   0.1030000000000000   0.8304209813481340
   0.1040000000000000   0.8303619296354968
   0.1050000000000000   0.8303026798735984
   0.1060000000000000   0.8302432311758168
   0.1070000000000000   0.8301835826505630
   0.1080000000000000   0.8301237334012478
   0.1090000000000000   0.8300636825262475
   0.1100000000000000   0.8300034291188703
   0.1110000000000000   0.8299429722673221
   0.1120000000000000   0.8298823110546718
   0.1130000000000000   0.8298214445588170
   0.1140000000000000   0.8297603718524483
   0.1150000000000000   0.8296990920030144
   0.1160000000000000   0.8296376040726863
   0.1170000000000000   0.8295759071183219
   0.1180000000000000   0.8295140001914288
   0.1190000000000000   0.8294518823381294
   0.1200000000000000   0.8293895525991225
   0.1210000000000000   0.8293270100096473
   0.1220000000000000   0.8292642535994457
   0.1230000000000000   0.8292012823927249
   0.1240000000000000   0.8291380954081193
   0.1250000000000000   0.8290746916586523
   0.1260000000000000   0.8290110701516977
   0.1270000000000000   0.8289472298889409
   0.1280000000000000   0.8288831698663397
   0.1290000000000000   0.8288188890740850
   0.1300000000000000   0.8287543864965606
   0.1310000000000000   0.8286896611123038
   0.1320000000000000   0.8286247118939640
   0.1330000000000000   0.8285595378082629
   0.1340000000000000   0.8284941378159525
   0.1350000000000000   0.8284285108717745
   0.1360000000000000   0.8283626559244180
   0.1370000000000000   0.8282965719164775
   0.1380000000000000   0.8282302577844105
   0.1390000000000000   0.8281637124584948
   0.1400000000000000   0.8280969348627853
   0.1410000000000000   0.8280299239150704
   0.1420000000000000   0.8279626785268280
   0.1430000000000000   0.8278951976031821
   0.1440000000000000   0.8278274800428572
   0.1450000000000000   0.8277595247381339
   0.1460000000000000   0.8276913305748036
   0.1470000000000000   0.8276228964321228
   0.1480000000000000   0.8275542211827669
   0.1490000000000000   0.8274853036927841
   0.1500000000000000   0.8274161428215479
   0.1510000000000000   0.8273467374217109
   0.1520000000000000   0.8272770863391565
   0.1530000000000000   0.8272071884129509
   0.1540000000000000   0.8271370424752954
   0.1550000000000000   0.8270666473514767
   0.1560000000000000   0.8269960018598184
   0.1570000000000000   0.8269251048116312
   0.1580000000000000   0.8268539550111628
   0.1590000000000000   0.8267825512555476
   0.1600000000000000   0.8267108923347558
   0.1610000000000000   0.8266389770315423
   0.1620000000000000   0.8265668041213947
   0.1630000000000000   0.8264943723724815
   0.1640000000000000   0.8264216805455992
   0.1650000000000000   0.8263487273941196
   0.1660000000000000   0.8262755116639361
   0.1670000000000000   0.8262020320934103
   0.1680000000000000   0.8261282874133167
   0.1690000000000000   0.8260542763467890
   0.1700000000000000   0.8259799976092641
   0.1710000000000000   0.8259054499084265
   0.1720000000000000   0.8258306319441523
   0.1730000000000000   0.8257555424084521
   0.1740000000000000   0.8256801799854144
   0.1750000000000000   0.8256045433511476
   0.1760000000000000   0.8255286311737218
   0.1770000000000000   0.8254524421131102
   0.1780000000000000   0.8253759748211301
   0.1790000000000000   0.8252992279413834
   0.1800000000000000   0.8252222001091960
   0.1810000000000000   0.8251448899515574
   0.1820000000000000   0.8250672960870595
   0.1830000000000000   0.8249894171258351
   0.1840000000000000   0.8249112516694949
   0.1850000000000000   0.8248327983110658
   0.1860000000000000   0.8247540556349270
   0.1870000000000000   0.8246750222167458
   0.1880000000000000   0.8245956966234140
   0.1890000000000000   0.8245160774129823
   0.1900000000000000   0.8244361631345950
   0.1910000000000000   0.8243559523284241
   0.1920000000000000   0.8242754435256020
   0.1930000000000000   0.8241946352481552
   0.1940000000000000   0.8241135260089354
   0.1950000000000000   0.8240321143115522
   0.1960000000000000   0.8239503986503030
   0.1970000000000000   0.8238683775101041
   0.1980000000000000   0.8237860493664204
   0.1990000000000000   0.8237034126851941
   0.2000000000000000   0.8236204659227737
   0.2010000000000000   0.8235372075258419
   0.2020000000000000   0.8234536359313425
   0.2030000000000000   0.8233697495664074
   0.2040000000000000   0.8232855468482825
   0.2050000000000000   0.8232010261842529
   0.2060000000000000   0.8231161859715680
   0.2070000000000000   0.8230310245973648
   0.2080000000000000   0.8229455404385918
   0.2090000000000000   0.8228597318619317
   0.2100000000000000   0.8227735972237231
   0.2110000000000000   0.8226871348698818
   0.2120000000000000   0.8226003431358216
   0.2130000000000000   0.8225132203463741
   0.2140000000000000   0.8224257648157077
   0.2150000000000000   0.8223379748472464
   0.2160000000000000   0.8222498487335870
   0.2170000000000000   0.8221613847564166
   0.2180000000000000   0.8220725811864288
   0.2190000000000000   0.8219834362832384
   0.2200000000000000   0.8218939482952975
   0.2210000000000000   0.8218041154598081
   0.2220000000000000   0.8217139360026362
   0.2230000000000000   0.8216234081382238
   0.2240000000000000   0.8215325300695007
   0.2250000000000000   0.8214412999877949
   0.2260000000000000   0.8213497160727435
   0.2270000000000000   0.8212577764922009
   0.2280000000000000   0.8211654794021476
   0.2290000000000000   0.8210728229465978
   0.2300000000000000   0.8209798052575062
   0.2310000000000000   0.8208864244546734
   0.2320000000000000   0.8207926786456514
   0.2330000000000000   0.8206985659256472
   0.2340000000000000   0.8206040843774265
   0.2350000000000000   0.8205092320712158
   0.2360000000000000   0.8204140070646041
   0.2370000000000000   0.8203184074024430
   0.2380000000000000   0.8202224311167469
   0.2390000000000000   0.8201260762265912
   0.2400000000000000   0.8200293407380105
   0.2410000000000000   0.8199322226438953
   0.2420000000000000   0.8198347199238879
   0.2430000000000000   0.8197368305442770
   0.2440000000000000   0.8196385524578922
   0.2450000000000000   0.8195398836039968
   0.2460000000000000   0.8194408219081791
   0.2470000000000000   0.8193413652822449
   0.2480000000000000   0.8192415116241055
   0.2490000000000000   0.8191412588176685
   0.2500000000000000   0.8190406047327241
   0.2510000000000000   0.8189395472248332
   0.2520000000000000   0.8188380841352122
   0.2530000000000000   0.8187362132906185
   0.2540000000000000   0.8186339325032336
   0.2550000000000000   0.8185312395705459
   0.2560000000000000   0.8184281322752317
   0.2570000000000000   0.8183246083850364
   0.2580000000000000   0.8182206656526527
   0.2590000000000000   0.8181163018155992
   0.2600000000000000   0.8180115145960971
   0.2610000000000000   0.8179063017009461
   0.2620000000000000   0.8178006608213987
   0.2630000000000000   0.8176945896330334
   0.2640000000000000   0.8175880857956275
   0.2650000000000000   0.8174811469530273
   0.2660000000000000   0.8173737707330182
   0.2670000000000000   0.8172659547471929
   0.2680000000000000   0.8171576965908189
   0.2690000000000000   0.8170489938427041
   0.2700000000000000   0.8169398440650615
   0.2710000000000000   0.8168302448033727
   0.2720000000000000   0.8167201935862497
   0.2730000000000000   0.8166096879252955
   0.2740000000000000   0.8164987253149639
   0.2750000000000000   0.8163873032324169
   0.2760000000000000   0.8162754191373818
   0.2770000000000000   0.8161630704720058
   0.2780000000000000   0.8160502546607106
   0.2790000000000000   0.8159369691100441
   0.2800000000000000   0.8158232112085316
   0.2810000000000000   0.8157089783265257
   0.2820000000000000   0.8155942678160533
   0.2830000000000000   0.8154790770106634
   0.2840000000000000   0.8153634032252712
   0.2850000000000000   0.8152472437560021
   0.2860000000000000   0.8151305958800334
   0.2870000000000000   0.8150134568554352
   0.2880000000000000   0.8148958239210086
   0.2890000000000000   0.8147776942961235
   0.2900000000000000   0.8146590651805541
   0.2910000000000000   0.8145399337543130
   0.2920000000000000   0.8144202971774837
   0.2930000000000000   0.8143001525900510
   0.2940000000000000   0.8141794971117302
   0.2950000000000000   0.8140583278417951
   0.2960000000000000   0.8139366418589026
   0.2970000000000000   0.8138144362209174
   0.2980000000000000   0.8136917079647338
   0.2990000000000000   0.8135684541060964
   0.3000000000000000   0.8134446716394180
   0.3010000000000000   0.8133203575375975
   0.3020000000000000   0.8131955087518336
   0.3030000000000000   0.8130701222114386
   0.3040000000000000   0.8129441948236497
   0.3050000000000000   0.8128177234734377
   0.3060000000000000   0.8126907050233148
   0.3070000000000000   0.8125631363131397
   0.3080000000000000   0.8124350141599215
   0.3090000000000000   0.8123063353576208
   0.3100000000000000   0.8121770966769489
   0.3110000000000000   0.8120472948651660
   0.3120000000000000   0.8119169266458758
   0.3130000000000000   0.8117859887188189
   0.3140000000000000   0.8116544777596640
   0.3150000000000000   0.8115223904197971
   0.3160000000000000   0.8113897233261079
   0.3170000000000000   0.8112564730807750
   0.3180000000000000   0.8111226362610477
   0.3190000000000000   0.8109882094190269
   0.3200000000000000   0.8108531890814423
   0.3210000000000000   0.8107175717494287
   0.3220000000000000   0.8105813538982989
   0.3230000000000000   0.8104445319773147
   0.3240000000000000   0.8103071024094561
   0.3250000000000000   0.8101690615911865
   0.3260000000000000   0.8100304058922173
   0.3270000000000000   0.8098911316552689
   0.3280000000000000   0.8097512351958297
   0.3290000000000000   0.8096107128019119
   0.3300000000000000   0.8094695607338059
   0.3310000000000000   0.8093277752238315
   0.3320000000000000   0.8091853524760855
   0.3330000000000000   0.8090422886661890
   0.3340000000000000   0.8088985799410298
   0.3350000000000000   0.8087542224185028
   0.3360000000000000   0.8086092121872489
   0.3370000000000000   0.8084635453063888
   0.3380000000000000   0.8083172178052558
   0.3390000000000000   0.8081702256831256
   0.3400000000000000   0.8080225649089419
   0.3410000000000000   0.8078742314210410
   0.3420000000000000   0.8077252211268720
   0.3430000000000000   0.8075755299027141
   0.3440000000000000   0.8074251535933925
   0.3450000000000000   0.8072740880119889
   0.3460000000000000   0.8071223289395503
   0.3470000000000000   0.8069698721247950
   0.3480000000000000   0.8068167132838141
   0.3490000000000000   0.8066628480997713
   0.3500000000000000   0.8065082722225981
   0.3510000000000000   0.8063529812686865
   0.3520000000000000   0.8061969708205784
   0.3530000000000000   0.8060402364266515
   0.3540000000000000   0.8058827736008013
   0.3550000000000000   0.8057245778221204
   0.3560000000000000   0.8055656445345740
   0.3570000000000000   0.8054059691466721
   0.3580000000000000   0.8052455470311369
   0.3590000000000000   0.8050843735245692
   0.3600000000000000   0.8049224439271077
   0.3610000000000000   0.8047597535020876
   0.3620000000000000   0.8045962974756939
   0.3630000000000000   0.8044320710366112
   0.3640000000000000   0.8042670693356690
   0.3650000000000000   0.8041012874854851
   0.3660000000000000   0.8039347205601024
   0.3670000000000000   0.8037673635946235
   0.3680000000000000   0.8035992115848410
   0.3690000000000000   0.8034302594868630
   0.3700000000000000   0.8032605022167345
   0.3710000000000000   0.8030899346500561
   0.3720000000000000   0.8029185516215962
   0.3730000000000000   0.8027463479249005
   0.3740000000000000   0.8025733183118962
   0.3750000000000000   0.8023994574924924
   0.3760000000000000   0.8022247601341761
   0.3770000000000000   0.8020492208616024
   0.3780000000000000   0.8018728342561817
   0.3790000000000000   0.8016955948556616
   0.3800000000000000   0.8015174971537034
   0.3810000000000000   0.8013385355994550
   0.3820000000000000   0.8011587045971185
   0.3830000000000000   0.8009779985055117
   0.3840000000000000   0.8007964116376272
   0.3850000000000000   0.8006139382601838
   0.3860000000000000   0.8004305725931744
   0.3870000000000000   0.8002463088094085
   0.3880000000000000   0.8000611410340485
   0.3890000000000000   0.7998750633441422
   0.3900000000000000   0.7996880697681489
   0.3910000000000000   0.7995001542854602
   0.3920000000000000   0.7993113108259152
   0.3930000000000000   0.7991215332693108
   0.3940000000000000   0.7989308154449055
   0.3950000000000000   0.7987391511309178
   0.3960000000000000   0.7985465340540187
   0.3970000000000000   0.7983529578888184
   0.3980000000000000   0.7981584162573473
   0.3990000000000000   0.7979629027285303
   0.4000000000000000   0.7977664108176552
   0.4010000000000000   0.7975689339858354
   0.4020000000000000   0.7973704656394653
   0.4030000000000000   0.7971709991296709
   0.4040000000000000   0.7969705277517516
   0.4050000000000000   0.7967690447446178
   0.4060000000000000   0.7965665432902207
   0.4070000000000000   0.7963630165129750
   0.4080000000000000   0.7961584574791756
   0.4090000000000000   0.7959528591964071
   0.4100000000000000   0.7957462146129461
   0.4110000000000000   0.7955385166171569
   0.4120000000000000   0.7953297580368789
   0.4130000000000000   0.7951199316388081
   0.4140000000000000   0.7949090301278701
   0.4150000000000000   0.7946970461465864
   0.4160000000000000   0.7944839722744325
   0.4170000000000000   0.7942698010271881
   0.4180000000000000   0.7940545248562808
   0.4190000000000000   0.7938381361481204
   0.4200000000000000   0.7936206272234253
   0.4210000000000000   0.7934019903365420
   0.4220000000000000   0.7931822176747553
   0.4230000000000000   0.7929613013575899
   0.4240000000000000   0.7927392334361044
   0.4250000000000000   0.7925160058921762
   0.4260000000000000   0.7922916106377773
   0.4270000000000000   0.7920660395142425
   0.4280000000000000   0.7918392842915271
   0.4290000000000000   0.7916113366674561
   0.4300000000000000   0.7913821882669652
   0.4310000000000000   0.7911518306413302
   0.4320000000000000   0.7909202552673895
   0.4330000000000000   0.7906874535467548
   0.4340000000000000   0.7904534168050135
   0.4350000000000000   0.7902181362909201
   0.4360000000000000   0.7899816031755785
   0.4370000000000000   0.7897438085516141
   0.4380000000000000   0.7895047434323340
   0.4390000000000000   0.7892643987508793
   0.4400000000000000   0.7890227653593644
   0.4410000000000000   0.7887798340280072
   0.4420000000000000   0.7885355954442472
   0.4430000000000000   0.7882900402118533
   0.4440000000000000   0.7880431588500201
   0.4450000000000000   0.7877949417924525
   0.4460000000000000   0.7875453793864392
   0.4470000000000000   0.7872944618919142
   0.4480000000000000   0.7870421794805065
   0.4490000000000000   0.7867885222345773
   0.4500000000000000   0.7865334801462460
   0.4510000000000000   0.7862770431164022
   0.4520000000000000   0.7860192009537067
   0.4530000000000000   0.7857599433735781
   0.4540000000000000   0.7854992599971681
   0.4550000000000000   0.7852371403503221
   0.4560000000000000   0.7849735738625274
   0.4570000000000000   0.7847085498658474
   0.4580000000000000   0.7844420575938419
   0.4590000000000000   0.7841740861804741
   0.4600000000000000   0.7839046246590027
   0.4610000000000000   0.7836336619608593
   0.4620000000000000   0.7833611869145130
   0.4630000000000000   0.7830871882443174
   0.4640000000000000   0.7828116545693455
   0.4650000000000000   0.7825345744022069
   0.4660000000000000   0.7822559361478505
   0.4670000000000000   0.7819757281023521
   0.4680000000000000   0.7816939384516844
   0.4690000000000000   0.7814105552704730
   0.4700000000000000   0.7811255665207332
   0.4710000000000000   0.7808389600505926
   0.4720000000000000   0.7805507235929955
   0.4730000000000000   0.7802608447643899
   0.4740000000000000   0.7799693110633980
   0.4750000000000000   0.7796761098694673
   0.4760000000000000   0.7793812284415064
   0.4770000000000000   0.7790846539164986
   0.4780000000000000   0.7787863733081014
   0.4790000000000000   0.7784863735052232
   0.4800000000000000   0.7781846412705833
   0.4810000000000000   0.7778811632392513
   0.4820000000000000   0.7775759259171674
   0.4830000000000000   0.7772689156796424
   0.4840000000000000   0.7769601187698368
   0.4850000000000000   0.7766495212972202
   0.4860000000000000   0.7763371092360090
   0.4870000000000000   0.7760228684235827
   0.4880000000000000   0.7757067845588794
   0.4890000000000000   0.7753888432007682
   0.4900000000000000   0.7750690297663995
   0.4910000000000000   0.7747473295295334
   0.4920000000000000   0.7744237276188443
   0.4930000000000000   0.7740982090162016
   0.4940000000000000   0.7737707585549285
   0.4950000000000000   0.7734413609180336
   0.4960000000000000   0.7731100006364214
   0.4970000000000000   0.7727766620870750
   0.4980000000000000   0.7724413294912148
   0.4990000000000000   0.7721039869124318
   0.5000000000000000   0.7717646182547933
   0.5010000000000000   0.7714232072609233
   0.5020000000000000   0.7710797375100555
   0.5030000000000000   0.7707341924160591
   0.5040000000000000   0.7703865552254352
   0.5050000000000000   0.7700368090152876
   0.5060000000000000   0.7696849366912620
   0.5070000000000000   0.7693309209854583
   0.5080000000000000   0.7689747444543109
   0.5090000000000000   0.7686163894764407
   0.5100000000000000   0.7682558382504753
   0.5110000000000000   0.7678930727928382
   0.5120000000000000   0.7675280749355065
   0.5130000000000000   0.7671608263237356
   0.5140000000000000   0.7667913084137525
   0.5150000000000000   0.7664195024704141
   0.5160000000000000   0.7660453895648327
   0.5170000000000000   0.7656689505719669
   0.5180000000000000   0.7652901661681769
   0.5190000000000000   0.7649090168287452
   0.5200000000000000   0.7645254828253600
   0.5210000000000000   0.7641395442235625
   0.5220000000000000   0.7637511808801565
   0.5230000000000000   0.7633603724405803
   0.5240000000000000   0.7629670983362392
   0.5250000000000000   0.7625713377817994
   0.5260000000000000   0.7621730697724416
   0.5270000000000000   0.7617722730810736
   0.5280000000000000   0.7613689262555021
   0.5290000000000000   0.7609630076155619
   0.5300000000000000   0.7605544952502028
   0.5310000000000000   0.7601433670145323
   0.5320000000000000   0.7597296005268150
   0.5330000000000000   0.7593131731654258
   0.5340000000000000   0.7588940620657582
   0.5350000000000000   0.7584722441170857
   0.5360000000000000   0.7580476959593757
   0.5370000000000000   0.7576203939800553
   0.5380000000000000   0.7571903143107280
   0.5390000000000000   0.7567574328238407
   0.5400000000000000   0.7563217251292990
   0.5410000000000000   0.7558831665710325
   0.5420000000000000   0.7554417322235064
   0.5430000000000000   0.7549973968881790
   0.5440000000000000   0.7545501350899068
   0.5450000000000000   0.7540999210732917
   0.5460000000000000   0.7536467287989744
   0.5470000000000000   0.7531905319398684
   0.5480000000000000   0.7527313038773363
   0.5490000000000000   0.7522690176973074
   0.5500000000000000   0.7518036461863334
   0.5510000000000000   0.7513351618275846
   0.5520000000000000   0.7508635367967806
   0.5530000000000000   0.7503887429580604
   0.5540000000000000   0.7499107518597846
   0.5550000000000000   0.7494295347302744
   0.5560000000000000   0.7489450624734807
   0.5570000000000001   0.7484573056645865
   0.5580000000000001   0.7479662345455386
   0.5590000000000001   0.7474718190205089
   0.5600000000000001   0.7469740286512832
   0.5610000000000001   0.7464728326525758
   0.5620000000000001   0.7459681998872707
   0.5629999999999999   0.7454600988615843
   0.5639999999999999   0.7449484977201520
   0.5649999999999999   0.7444333642410358
   0.5659999999999999   0.7439146658306495
   0.5669999999999999   0.7433923695186034
   0.5679999999999999   0.7428664419524654
   0.5690000000000000   0.7423368493924354
   0.5700000000000000   0.7418035577059346
   0.5710000000000000   0.7412665323621056
   0.5720000000000000   0.7407257384262221
   0.5730000000000000   0.7401811405540077
   0.5740000000000000   0.7396327029858611
   0.5750000000000000   0.7390803895409850
   0.5760000000000000   0.7385241636114193
   0.5770000000000000   0.7379639881559750
   0.5780000000000000   0.7373998256940669
   0.5790000000000000   0.7368316382994443
   0.5800000000000000   0.7362593875938166
   0.5810000000000000   0.7356830347403722
   0.5820000000000000   0.7351025404371900
   0.5830000000000000   0.7345178649105377
   0.5840000000000000   0.7339289679080601
   0.5850000000000000   0.7333358086918498
   0.5860000000000000   0.7327383460314023
   0.5870000000000000   0.7321365381964511
   0.5880000000000000   0.7315303429496803
   0.5890000000000000   0.7309197175393138
   0.5900000000000000   0.7303046186915775
   0.5910000000000000   0.7296850026030316
   0.5920000000000000   0.7290608249327729
   0.5930000000000000   0.7284320407945012
   0.5940000000000000   0.7277986047484493
   0.5950000000000000   0.7271604707931734
   0.5960000000000000   0.7265175923572013
   0.5970000000000000   0.7258699222905350
   0.5980000000000000   0.7252174128560053
   0.5990000000000000   0.7245600157204749
   0.6000000000000000   0.7238976819458882
   0.6010000000000000   0.7232303619801632
   0.6020000000000000   0.7225580056479234
   0.6030000000000000   0.7218805621410654
   0.6040000000000000   0.7211979800091606
   0.6050000000000000   0.7205102071496857
   0.6060000000000000   0.7198171907980798
   0.6070000000000000   0.7191188775176243
   0.6080000000000000   0.7184152131891415
   0.6090000000000000   0.7177061430005084
   0.6100000000000000   0.7169916114359833
   0.6110000000000000   0.7162715622653381
   0.6120000000000000   0.7155459385327958
   0.6130000000000000   0.7148146825457674
   0.6140000000000000   0.7140777358633835
   0.6150000000000000   0.7133350392848181
   0.6160000000000000   0.7125865328373988
   0.6170000000000000   0.7118321557644992
   0.6180000000000000   0.7110718465132095
   0.6190000000000000   0.7103055427217806
   0.6200000000000000   0.7095331812068354
   0.6210000000000000   0.7087546979503448
   0.6220000000000000   0.7079700280863622
   0.6230000000000000   0.7071791058875100
   0.6240000000000000   0.7063818647512157
   0.6250000000000000   0.7055782371856899
   0.6260000000000000   0.7047681547956423
   0.6270000000000000   0.7039515482677278
   0.6280000000000000   0.7031283473557202
   0.6290000000000000   0.7022984808654040
   0.6300000000000000   0.7014618766391820
   0.6310000000000000   0.7006184615403881
   0.6320000000000000   0.6997681614373034
   0.6330000000000000   0.6989109011868659
   0.6340000000000000   0.6980466046180690
   0.6350000000000000   0.6971751945150395
   0.6360000000000000   0.6962965925997920
   0.6370000000000000   0.6954107195146491
   0.6380000000000000   0.6945174948043205
   0.6390000000000000   0.6936168368976356
   0.6400000000000000   0.6927086630889198
   0.6410000000000000   0.6917928895190065
   0.6420000000000000   0.6908694311558782
   0.6430000000000000   0.6899382017749272
   0.6440000000000000   0.6889991139388275
   0.6450000000000000   0.6880520789770096
   0.6460000000000000   0.6870970069647280
   0.6470000000000000   0.6861338067017142
   0.6480000000000000   0.6851623856904037
   0.6490000000000000   0.6841826501137286
   0.6500000000000000   0.6831945048124655
   0.6510000000000000   0.6821978532621275
   0.6520000000000000   0.6811925975493921
   0.6530000000000000   0.6801786383480521
   0.6540000000000000   0.6791558748944792
   0.6550000000000000   0.6781242049625890
   0.6560000000000000   0.6770835248382966
   0.6570000000000000   0.6760337292934493
   0.6580000000000000   0.6749747115592251
   0.6590000000000000   0.6739063632989843
   0.6600000000000000   0.6728285745805627
   0.6610000000000000   0.6717412338479887
   0.6620000000000000   0.6706442278926176
   0.6630000000000000   0.6695374418236626
   0.6640000000000000   0.6684207590381120
   0.6650000000000000   0.6672940611900172
   0.6660000000000000   0.6661572281591354
   0.6670000000000000   0.6650101380189122
   0.6680000000000000   0.6638526670037889
   0.6690000000000000   0.6626846894758166
   0.6700000000000000   0.6615060778905608
   0.6710000000000000   0.6603167027622809
   0.6720000000000000   0.6591164326283634
   0.6730000000000000   0.6579051340129944
   0.6740000000000000   0.6566826713900499
   0.6750000000000000   0.6554489071451856
   0.6760000000000000   0.6542037015371071
   0.6770000000000000   0.6529469126579982
   0.6780000000000000   0.6516783963930893
   0.6790000000000000   0.6503980063793411
   0.6800000000000000   0.6491055939632239
   0.6810000000000000   0.6478010081575692
   0.6820000000000001   0.6464840955974694
   0.6830000000000001   0.6451547004952027
   0.6840000000000001   0.6438126645941575
   0.6850000000000001   0.6424578271217313
   0.6860000000000001   0.6410900247411782
   0.6870000000000001   0.6397090915023779
   0.6879999999999999   0.6383148587914977
   0.6889999999999999   0.6369071552795201
   0.6899999999999999   0.6354858068696068
   0.6909999999999999   0.6340506366432670
   0.6919999999999999   0.6326014648053021
   0.6929999999999999   0.6311381086274912
   0.6940000000000000   0.6296603823909872
   0.6950000000000000   0.6281680973273891
   0.6960000000000000   0.6266610615584541
   0.6970000000000000   0.6251390800344154
   0.6980000000000000   0.6236019544708679
   0.6990000000000000   0.6220494832841827
   0.7000000000000000   0.6204814615254143
   0.7010000000000000   0.6188976808126549
   0.7020000000000000   0.6172979292617997
   0.7030000000000000   0.6156819914156764
   0.7040000000000000   0.6140496481714957
   0.7050000000000000   0.6124006767065781
   0.7060000000000000   0.6107348504023090
   0.7070000000000000   0.6090519387662737
   0.7080000000000000   0.6073517073525230
   0.7090000000000000   0.6056339176799168
   0.7100000000000000   0.6038983271484945
   0.7110000000000000   0.6021446889538147
   0.7120000000000000   0.6003727519992110
   0.7130000000000000   0.5985822608059026
   0.7140000000000000   0.5967729554209015
   0.7150000000000000   0.5949445713226538
   0.7160000000000000   0.5930968393243513
   0.7170000000000000   0.5912294854748472
   0.7180000000000000   0.5893422309571076
   0.7190000000000000   0.5874347919841294
   0.7200000000000000   0.5855068796922511
   0.7210000000000000   0.5835582000317823
   0.7220000000000000   0.5815884536548739
   0.7230000000000000   0.5795973358005501
   0.7240000000000000   0.5775845361768192
   0.7250000000000000   0.5755497388397774
   0.7260000000000000   0.5734926220696200
   0.7270000000000000   0.5714128582434657
   0.7280000000000000   0.5693101137049029
   0.7290000000000000   0.5671840486301610
   0.7300000000000000   0.5650343168908040
   0.7310000000000000   0.5628605659128451
   0.7320000000000000   0.5606624365321757
   0.7330000000000000   0.5584395628461954
   0.7340000000000000   0.5561915720615311
   0.7350000000000000   0.5539180843377258
   0.7360000000000000   0.5516187126267752
   0.7370000000000000   0.5492930625083851
   0.7380000000000000   0.5469407320208186
   0.7390000000000000   0.5445613114871991
   0.7400000000000000   0.5421543833371263
   0.7410000000000000   0.5397195219234630
   0.7420000000000000   0.5372562933341405
   0.7430000000000000   0.5347642551988292
   0.7440000000000000   0.5322429564903113
   0.7450000000000000   0.5296919373203912
   0.7460000000000000   0.5271107287301703
   0.7470000000000000   0.5244988524745071
   0.7480000000000000   0.5218558208004790
   0.7490000000000000   0.5191811362196527
   0.7500000000000000   0.5164742912739662
   0.7510000000000000   0.5137347682950156
   0.7520000000000000   0.5109620391565342
   0.7530000000000000   0.5081555650198416
   0.7540000000000000   0.5053147960720370
   0.7550000000000000   0.5024391712566946
   0.7560000000000000   0.4995281179968191
   0.7570000000000000   0.4965810519098035
   0.7580000000000000   0.4935973765141243
   0.7590000000000000   0.4905764829275012
   0.7600000000000000   0.4875177495562334
   0.7610000000000000   0.4844205417754194
   0.7620000000000000   0.4812842115997500
   0.7630000000000000   0.4781080973445599
   0.7640000000000000   0.4748915232768018
   0.7650000000000000   0.4716337992556045
   0.7660000000000000   0.4683342203620533
   0.7670000000000000   0.4649920665178259
   0.7680000000000000   0.4616066020922961
   0.7690000000000000   0.4581770754977056
   0.7700000000000000   0.4547027187719891
   0.7710000000000000   0.4511827471488188
   0.7720000000000000   0.4476163586144202
   0.7730000000000000   0.4440027334506911
   0.7740000000000000   0.4403410337641385
   0.7750000000000000   0.4366304030001272
   0.7760000000000000   0.4328699654419159
   0.7770000000000000   0.4290588256939318
   0.7780000000000000   0.4251960681487162
   0.7790000000000000   0.4212807564369476
   0.7800000000000000   0.4173119328599258
   0.7810000000000000   0.4132886178038759
   0.7820000000000000   0.4092098091354013
   0.7830000000000000   0.4050744815773908
   0.7840000000000000   0.4008815860646547
   0.7850000000000000   0.3966300490785318
   0.7860000000000000   0.3923187719596814
   0.7870000000000000   0.3879466301982374
   0.7880000000000000   0.3835124727004701
   0.7890000000000000   0.3790151210310608
   0.7900000000000000   0.3744533686300592
   0.7910000000000000   0.3698259800035530
   0.7920000000000000   0.3651316898870334
   0.7930000000000000   0.3603692023804023
   0.7940000000000000   0.3555371900535144
   0.7950000000000000   0.3506342930211027
   0.7960000000000000   0.3456591179858847
   0.7970000000000000   0.3406102372485900
   0.7980000000000000   0.3354861876835982
   0.7990000000000000   0.3302854696788141
   0.8000000000000000   0.3250065460383457
   0.8010000000000000   0.3196478408464866
   0.8020000000000000   0.3142077382914353
   0.8030000000000000   0.3086845814471122
   0.8040000000000000   0.3030766710113587
   0.8050000000000000   0.2973822639987262
   0.8060000000000000   0.2915995723859763
   0.8070000000000001   0.2857267617083269
   0.8080000000000001   0.2797619496043883
   0.8090000000000001   0.2737032043076313
   0.8100000000000001   0.2675485430821345
   0.8110000000000001   0.2612959306002420
   0.8120000000000001   0.2549432772596555
   0.8129999999999999   0.2484884374373627
   0.8139999999999999   0.2419292076776742
   0.8149999999999999   0.2352633248115216
   0.8159999999999999   0.2284884640040071
   0.8169999999999999   0.2216022367270696
   0.8179999999999999   0.2146021886539619
   0.8190000000000000   0.2074857974720755
   0.8200000000000000   0.2002504706104730
   0.8210000000000000   0.1928935428783064
   0.8220000000000000   0.1854122740101040
   0.8230000000000000   0.1778038461137057
   0.8240000000000000   0.1700653610164084
   0.8250000000000000   0.1621938375046555
   0.8260000000000000   0.1541862084523622
   0.8270000000000000   0.1460393178327103
   0.8280000000000000  0.0000000000000000E+000
   0.8290000000000000  0.0000000000000000E+000
   0.8300000000000000  0.0000000000000000E+000
   0.8310000000000000  0.0000000000000000E+000
   0.8320000000000000  0.0000000000000000E+000
   0.8330000000000000  0.0000000000000000E+000
   0.8340000000000000  0.0000000000000000E+000
   0.8350000000000000  0.0000000000000000E+000
   0.8360000000000000  0.0000000000000000E+000
   0.8370000000000000  0.0000000000000000E+000
   0.8380000000000000  0.0000000000000000E+000
   0.8390000000000000  0.0000000000000000E+000
   0.8400000000000000  0.0000000000000000E+000
   0.8410000000000000  0.0000000000000000E+000
   0.8420000000000000  0.0000000000000000E+000
   0.8430000000000000  0.0000000000000000E+000
   0.8440000000000000  0.0000000000000000E+000
   0.8450000000000000  0.0000000000000000E+000
   0.8460000000000000  0.0000000000000000E+000
   0.8470000000000000  0.0000000000000000E+000
   0.8480000000000000  0.0000000000000000E+000
   0.8490000000000000  0.0000000000000000E+000
   0.8500000000000000  0.0000000000000000E+000
   0.8510000000000000  0.0000000000000000E+000
   0.8520000000000000  0.0000000000000000E+000
   0.8530000000000000  0.0000000000000000E+000
   0.8540000000000000  0.0000000000000000E+000
   0.8550000000000000  0.0000000000000000E+000
   0.8560000000000000  0.0000000000000000E+000
   0.8570000000000000  0.0000000000000000E+000
   0.8580000000000000  0.0000000000000000E+000
   0.8590000000000000  0.0000000000000000E+000
   0.8600000000000000  0.0000000000000000E+000
   0.8610000000000000  0.0000000000000000E+000
   0.8620000000000000  0.0000000000000000E+000
   0.8630000000000000  0.0000000000000000E+000
   0.8640000000000000  0.0000000000000000E+000
   0.8650000000000000  0.0000000000000000E+000
   0.8660000000000000  0.0000000000000000E+000
   0.8670000000000000  0.0000000000000000E+000
   0.8680000000000000  0.0000000000000000E+000
   0.8690000000000000  0.0000000000000000E+000
   0.8700000000000000  0.0000000000000000E+000
   0.8710000000000000  0.0000000000000000E+000
   0.8720000000000000  0.0000000000000000E+000
   0.8730000000000000  0.0000000000000000E+000
   0.8740000000000000  0.0000000000000000E+000
   0.8750000000000000  0.0000000000000000E+000
   0.8760000000000000  0.0000000000000000E+000
   0.8770000000000000  0.0000000000000000E+000
   0.8780000000000000  0.0000000000000000E+000
   0.8790000000000000  0.0000000000000000E+000
   0.8800000000000000  0.0000000000000000E+000
   0.8810000000000000  0.0000000000000000E+000
   0.8820000000000000  0.0000000000000000E+000
   0.8830000000000000  0.0000000000000000E+000
   0.8840000000000000  0.0000000000000000E+000
   0.8850000000000000  0.0000000000000000E+000
   0.8860000000000000  0.0000000000000000E+000
   0.8870000000000000  0.0000000000000000E+000
   0.8880000000000000  0.0000000000000000E+000
   0.8890000000000000  0.0000000000000000E+000
   0.8900000000000000  0.0000000000000000E+000
   0.8910000000000000  0.0000000000000000E+000
   0.8920000000000000  0.0000000000000000E+000
   0.8930000000000000  0.0000000000000000E+000
   0.8940000000000000  0.0000000000000000E+000
   0.8950000000000000  0.0000000000000000E+000
   0.8960000000000000  0.0000000000000000E+000
   0.8970000000000000  0.0000000000000000E+000
   0.8980000000000000  0.0000000000000000E+000
   0.8990000000000000  0.0000000000000000E+000
   0.9000000000000000  0.0000000000000000E+000
   0.9010000000000000  0.0000000000000000E+000
   0.9020000000000000  0.0000000000000000E+000
   0.9030000000000000  0.0000000000000000E+000
   0.9040000000000000  0.0000000000000000E+000
   0.9050000000000000  0.0000000000000000E+000
   0.9060000000000000  0.0000000000000000E+000
   0.9070000000000000  0.0000000000000000E+000
   0.9080000000000000  0.0000000000000000E+000
   0.9090000000000000  0.0000000000000000E+000
   0.9100000000000000  0.0000000000000000E+000
   0.9110000000000000  0.0000000000000000E+000
   0.9120000000000000  0.0000000000000000E+000
   0.9130000000000000  0.0000000000000000E+000
   0.9140000000000000  0.0000000000000000E+000
   0.9150000000000000  0.0000000000000000E+000
   0.9160000000000000  0.0000000000000000E+000
   0.9170000000000000  0.0000000000000000E+000
   0.9180000000000000  0.0000000000000000E+000
   0.9190000000000000  0.0000000000000000E+000
   0.9200000000000000  0.0000000000000000E+000
   0.9210000000000000  0.0000000000000000E+000
   0.9220000000000000  0.0000000000000000E+000
   0.9230000000000000  0.0000000000000000E+000
   0.9240000000000000  0.0000000000000000E+000
   0.9250000000000000  0.0000000000000000E+000
   0.9260000000000000  0.0000000000000000E+000
   0.9270000000000000  0.0000000000000000E+000
   0.9280000000000000  0.0000000000000000E+000
   0.9290000000000000  0.0000000000000000E+000
   0.9300000000000000  0.0000000000000000E+000
   0.9310000000000000  0.0000000000000000E+000
   0.9320000000000001  0.0000000000000000E+000
   0.9330000000000001  0.0000000000000000E+000
   0.9340000000000001  0.0000000000000000E+000
   0.9350000000000001  0.0000000000000000E+000
   0.9360000000000001  0.0000000000000000E+000
   0.9370000000000001  0.0000000000000000E+000
   0.9379999999999999  0.0000000000000000E+000
   0.9389999999999999  0.0000000000000000E+000
   0.9399999999999999  0.0000000000000000E+000
   0.9409999999999999  0.0000000000000000E+000
   0.9419999999999999  0.0000000000000000E+000
   0.9429999999999999  0.0000000000000000E+000
   0.9440000000000000  0.0000000000000000E+000
   0.9450000000000000  0.0000000000000000E+000
   0.9460000000000000  0.0000000000000000E+000
   0.9470000000000000  0.0000000000000000E+000
   0.9480000000000000  0.0000000000000000E+000
   0.9490000000000000  0.0000000000000000E+000
   0.9500000000000000  0.0000000000000000E+000
   0.9510000000000000  0.0000000000000000E+000
   0.9520000000000000  0.0000000000000000E+000
   0.9530000000000000  0.0000000000000000E+000
   0.9540000000000000  0.0000000000000000E+000
   0.9550000000000000  0.0000000000000000E+000
   0.9560000000000000  0.0000000000000000E+000
   0.9570000000000000  0.0000000000000000E+000
   0.9580000000000000  0.0000000000000000E+000
   0.9590000000000000  0.0000000000000000E+000
   0.9600000000000000  0.0000000000000000E+000
   0.9610000000000000  0.0000000000000000E+000
   0.9620000000000000  0.0000000000000000E+000
   0.9630000000000000  0.0000000000000000E+000
   0.9640000000000000  0.0000000000000000E+000
   0.9650000000000000  0.0000000000000000E+000
   0.9660000000000000  0.0000000000000000E+000
   0.9670000000000000  0.0000000000000000E+000
   0.9680000000000000  0.0000000000000000E+000
   0.9690000000000000  0.0000000000000000E+000
   0.9700000000000000  0.0000000000000000E+000
   0.9710000000000000  0.0000000000000000E+000
   0.9720000000000000  0.0000000000000000E+000
   0.9730000000000000  0.0000000000000000E+000
   0.9740000000000000  0.0000000000000000E+000
   0.9750000000000000  0.0000000000000000E+000
   0.9760000000000000  0.0000000000000000E+000
   0.9770000000000000  0.0000000000000000E+000
   0.9780000000000000  0.0000000000000000E+000
   0.9790000000000000  0.0000000000000000E+000
   0.9800000000000000  0.0000000000000000E+000
   0.9810000000000000  0.0000000000000000E+000
   0.9820000000000000  0.0000000000000000E+000
   0.9830000000000000  0.0000000000000000E+000
   0.9840000000000000  0.0000000000000000E+000
   0.9850000000000000  0.0000000000000000E+000
   0.9860000000000000  0.0000000000000000E+000
   0.9870000000000000  0.0000000000000000E+000
   0.9880000000000000  0.0000000000000000E+000
   0.9890000000000000  0.0000000000000000E+000
   0.9900000000000000  0.0000000000000000E+000
   0.9910000000000000  0.0000000000000000E+000
   0.9920000000000000  0.0000000000000000E+000
   0.9930000000000000  0.0000000000000000E+000
   0.9940000000000000  0.0000000000000000E+000
   0.9950000000000000  0.0000000000000000E+000
   0.9960000000000000  0.0000000000000000E+000
   0.9970000000000000  0.0000000000000000E+000
   0.9980000000000000  0.0000000000000000E+000
   0.9990000000000000  0.0000000000000000E+000
   1.0000000000000000  0.0000000000000000E+000
