 0.00000000000000000e+00 1.10206999999999999e-01
 1.00000000000000002e-02 1.10206999999999999e-01
 1.00000000000000002e-02 4.77310000000000026e-02
 2.00000000000000004e-02 4.77310000000000026e-02
 2.00000000000000004e-02 3.59890000000000002e-02
 2.99999999999999989e-02 3.59890000000000002e-02
 2.99999999999999989e-02 2.96280000000000016e-02
 4.00000000000000008e-02 2.96280000000000016e-02
 4.00000000000000008e-02 2.56179999999999984e-02
 5.00000000000000028e-02 2.56179999999999984e-02
 5.00000000000000028e-02 2.27779999999999996e-02
 5.99999999999999978e-02 2.27779999999999996e-02
 5.99999999999999978e-02 2.07500000000000011e-02
 7.00000000000000067e-02 2.07500000000000011e-02
 7.00000000000000067e-02 1.88059999999999998e-02
 8.00000000000000017e-02 1.88059999999999998e-02
 8.00000000000000017e-02 1.74599999999999998e-02
 8.99999999999999967e-02 1.74599999999999998e-02
 8.99999999999999967e-02 1.64820000000000001e-02
 1.00000000000000006e-01 1.64820000000000001e-02
 1.00000000000000006e-01 1.53679999999999997e-02
 1.10000000000000001e-01 1.53679999999999997e-02
 1.10000000000000001e-01 1.46510000000000008e-02
 1.19999999999999996e-01 1.46510000000000008e-02
 1.19999999999999996e-01 1.38720000000000006e-02
 1.30000000000000004e-01 1.38720000000000006e-02
 1.30000000000000004e-01 1.30130000000000003e-02
 1.40000000000000013e-01 1.30130000000000003e-02
 1.40000000000000013e-01 1.25059999999999998e-02
 1.49999999999999994e-01 1.25059999999999998e-02
 1.49999999999999994e-01 1.19589999999999991e-02
 1.60000000000000003e-01 1.19589999999999991e-02
 1.60000000000000003e-01 1.14610000000000007e-02
 1.70000000000000012e-01 1.14610000000000007e-02
 1.70000000000000012e-01 1.11789999999999997e-02
 1.79999999999999993e-01 1.11789999999999997e-02
 1.79999999999999993e-01 1.05780000000000006e-02
 1.90000000000000002e-01 1.05780000000000006e-02
 1.90000000000000002e-01 1.03960000000000007e-02
 2.00000000000000011e-01 1.03960000000000007e-02
 2.00000000000000011e-01 9.99700000000000068e-03
 2.09999999999999992e-01 9.99700000000000068e-03
 2.09999999999999992e-01 9.71299999999999941e-03
 2.20000000000000001e-01 9.71299999999999941e-03
 2.20000000000000001e-01 9.54999999999999946e-03
 2.30000000000000010e-01 9.54999999999999946e-03
 2.30000000000000010e-01 9.11900000000000037e-03
 2.39999999999999991e-01 9.11900000000000037e-03
 2.39999999999999991e-01 9.17800000000000039e-03
 2.50000000000000000e-01 9.17800000000000039e-03
 2.50000000000000000e-01 9.01000000000000065e-03
 2.60000000000000009e-01 9.01000000000000065e-03
 2.60000000000000009e-01 8.82400000000000025e-03
 2.70000000000000018e-01 8.82400000000000025e-03
 2.70000000000000018e-01 8.63500000000000031e-03
 2.80000000000000027e-01 8.63500000000000031e-03
 2.80000000000000027e-01 8.29000000000000049e-03
 2.89999999999999980e-01 8.29000000000000049e-03
 2.89999999999999980e-01 8.23400000000000000e-03
 2.99999999999999989e-01 8.23400000000000000e-03
 2.99999999999999989e-01 7.83099999999999942e-03
 3.09999999999999998e-01 7.83099999999999942e-03
 3.09999999999999998e-01 7.59699999999999959e-03
 3.20000000000000007e-01 7.59699999999999959e-03
 3.20000000000000007e-01 7.08700000000000042e-03
 3.30000000000000016e-01 7.08700000000000042e-03
 3.30000000000000016e-01 6.43599999999999988e-03
 3.40000000000000024e-01 6.43599999999999988e-03
 3.40000000000000024e-01 5.81399999999999972e-03
 3.49999999999999978e-01 5.81399999999999972e-03
 3.49999999999999978e-01 4.71699999999999984e-03
 3.59999999999999987e-01 4.71699999999999984e-03
 3.59999999999999987e-01 4.35199999999999997e-03
 3.69999999999999996e-01 4.35199999999999997e-03
 3.69999999999999996e-01 3.92200000000000014e-03
 3.80000000000000004e-01 3.92200000000000014e-03
 3.80000000000000004e-01 3.97299999999999997e-03
 3.90000000000000013e-01 3.97299999999999997e-03
 3.90000000000000013e-01 4.00399999999999975e-03
 4.00000000000000022e-01 4.00399999999999975e-03
 4.00000000000000022e-01 3.92200000000000014e-03
 4.09999999999999976e-01 3.92200000000000014e-03
 4.09999999999999976e-01 3.80899999999999989e-03
 4.19999999999999984e-01 3.80899999999999989e-03
 4.19999999999999984e-01 3.66599999999999999e-03
 4.29999999999999993e-01 3.66599999999999999e-03
 4.29999999999999993e-01 3.75699999999999992e-03
 4.40000000000000002e-01 3.75699999999999992e-03
 4.40000000000000002e-01 3.58299999999999981e-03
 4.50000000000000011e-01 3.58299999999999981e-03
 4.50000000000000011e-01 3.65700000000000009e-03
 4.60000000000000020e-01 3.65700000000000009e-03
 4.60000000000000020e-01 3.65100000000000017e-03
 4.69999999999999973e-01 3.65100000000000017e-03
 4.69999999999999973e-01 3.55300000000000017e-03
 4.79999999999999982e-01 3.55300000000000017e-03
 4.79999999999999982e-01 3.68799999999999987e-03
 4.89999999999999991e-01 3.68799999999999987e-03
 4.89999999999999991e-01 3.86600000000000008e-03
 5.00000000000000000e-01 3.86600000000000008e-03
 5.00000000000000000e-01 3.81800000000000021e-03
 5.10000000000000009e-01 3.81800000000000021e-03
 5.10000000000000009e-01 4.14099999999999972e-03
 5.20000000000000018e-01 4.14099999999999972e-03
 5.20000000000000018e-01 4.44999999999999996e-03
 5.30000000000000027e-01 4.44999999999999996e-03
 5.30000000000000027e-01 4.48899999999999993e-03
 5.40000000000000036e-01 4.48899999999999993e-03
 5.40000000000000036e-01 4.50400000000000019e-03
 5.50000000000000044e-01 4.50400000000000019e-03
 5.50000000000000044e-01 5.02299999999999969e-03
 5.60000000000000053e-01 5.02299999999999969e-03
 5.60000000000000053e-01 5.23799999999999960e-03
 5.69999999999999951e-01 5.23799999999999960e-03
 5.69999999999999951e-01 5.59899999999999981e-03
 5.79999999999999960e-01 5.59899999999999981e-03
 5.79999999999999960e-01 6.02800000000000037e-03
 5.89999999999999969e-01 6.02800000000000037e-03
 5.89999999999999969e-01 6.35500000000000041e-03
 5.99999999999999978e-01 6.35500000000000041e-03
 5.99999999999999978e-01 6.98499999999999989e-03
 6.09999999999999987e-01 6.98499999999999989e-03
 6.09999999999999987e-01 7.69599999999999972e-03
 6.19999999999999996e-01 7.69599999999999972e-03
 6.19999999999999996e-01 8.25700000000000045e-03
 6.30000000000000004e-01 8.25700000000000045e-03
 6.30000000000000004e-01 8.87699999999999947e-03
 6.40000000000000013e-01 8.87699999999999947e-03
 6.40000000000000013e-01 9.82899999999999920e-03
 6.50000000000000022e-01 9.82899999999999920e-03
 6.50000000000000022e-01 1.03409999999999995e-02
 6.60000000000000031e-01 1.03409999999999995e-02
 6.60000000000000031e-01 1.13109999999999999e-02
 6.70000000000000040e-01 1.13109999999999999e-02
 6.70000000000000040e-01 1.28979999999999997e-02
 6.80000000000000049e-01 1.28979999999999997e-02
 6.80000000000000049e-01 1.41469999999999999e-02
 6.89999999999999947e-01 1.41469999999999999e-02
 6.89999999999999947e-01 1.53869999999999996e-02
 6.99999999999999956e-01 1.53869999999999996e-02
 6.99999999999999956e-01 1.65879999999999986e-02
 7.09999999999999964e-01 1.65879999999999986e-02
 7.09999999999999964e-01 1.85920000000000009e-02
 7.19999999999999973e-01 1.85920000000000009e-02
 7.19999999999999973e-01 1.99949999999999989e-02
 7.29999999999999982e-01 1.99949999999999989e-02
 7.29999999999999982e-01 2.12469999999999985e-02
 7.39999999999999991e-01 2.12469999999999985e-02
 7.39999999999999991e-01 2.17910000000000013e-02
 7.50000000000000000e-01 2.17910000000000013e-02
 7.50000000000000000e-01 2.21809999999999993e-02
 7.60000000000000009e-01 2.21809999999999993e-02
 7.60000000000000009e-01 2.04869999999999983e-02
 7.70000000000000018e-01 2.04869999999999983e-02
 7.70000000000000018e-01 1.67549999999999991e-02
 7.80000000000000027e-01 1.67549999999999991e-02
 7.80000000000000027e-01 1.00160000000000006e-02
 7.90000000000000036e-01 1.00160000000000006e-02
 7.90000000000000036e-01 7.81600000000000003e-03
 8.00000000000000044e-01 7.81600000000000003e-03
 8.00000000000000044e-01 6.27899999999999986e-03
 8.10000000000000053e-01 6.27899999999999986e-03
 8.10000000000000053e-01 4.35500000000000036e-03
 8.19999999999999951e-01 4.35500000000000036e-03
 8.19999999999999951e-01 2.27599999999999981e-03
 8.29999999999999960e-01 2.27599999999999981e-03
 8.29999999999999960e-01 9.61999999999999965e-04
 8.39999999999999969e-01 9.61999999999999965e-04
 8.39999999999999969e-01 7.19000000000000021e-04
 8.49999999999999978e-01 7.19000000000000021e-04
 8.49999999999999978e-01 4.35000000000000003e-04
 8.59999999999999987e-01 4.35000000000000003e-04
 8.59999999999999987e-01 2.03999999999999998e-04
 8.69999999999999996e-01 2.03999999999999998e-04
 8.69999999999999996e-01 6.00000000000000015e-05
 8.80000000000000004e-01 6.00000000000000015e-05
 8.80000000000000004e-01 1.99999999999999991e-06
 8.90000000000000013e-01 1.99999999999999991e-06
 8.90000000000000013e-01 0.00000000000000000e+00
 9.00000000000000022e-01 0.00000000000000000e+00
 9.00000000000000022e-01 0.00000000000000000e+00
 9.10000000000000031e-01 0.00000000000000000e+00
 9.10000000000000031e-01 0.00000000000000000e+00
 9.20000000000000040e-01 0.00000000000000000e+00
 9.20000000000000040e-01 0.00000000000000000e+00
 9.30000000000000049e-01 0.00000000000000000e+00
 9.30000000000000049e-01 0.00000000000000000e+00
 9.39999999999999947e-01 0.00000000000000000e+00
 9.39999999999999947e-01 0.00000000000000000e+00
 9.49999999999999956e-01 0.00000000000000000e+00
 9.49999999999999956e-01 0.00000000000000000e+00
 9.59999999999999964e-01 0.00000000000000000e+00
 9.59999999999999964e-01 0.00000000000000000e+00
 9.69999999999999973e-01 0.00000000000000000e+00
 9.69999999999999973e-01 0.00000000000000000e+00
 9.79999999999999982e-01 0.00000000000000000e+00
 9.79999999999999982e-01 0.00000000000000000e+00
 9.89999999999999991e-01 0.00000000000000000e+00
 9.89999999999999991e-01 0.00000000000000000e+00
 1.00000000000000000e+00 0.00000000000000000e+00
