  0.0000000000000000E+000   0.8355872000000000
   1.0000000000000000E-03   0.8358337996023386
   2.0000000000000000E-03   0.8360811408573686
   3.0000000000000001E-03   0.8363292267421190
   4.0000000000000001E-03   0.8365780602485712
   5.0000000000000001E-03   0.8368276443837497
   6.0000000000000001E-03   0.8370779821698119
   7.0000000000000001E-03   0.8373290766441406
   8.0000000000000002E-03   0.8375809308594354
   8.9999999999999993E-03   0.8378335478838059
   1.0000000000000000E-02   0.8380869308008653
   1.0999999999999999E-02   0.8383410827098238
   1.2000000000000000E-02   0.8385960067255839
   1.2999999999999999E-02   0.8388517059788358
   1.4000000000000000E-02   0.8391081836161536
   1.4999999999999999E-02   0.8393654428000918
   1.6000000000000000E-02   0.8396234867092829
   1.7000000000000001E-02   0.8398823185385357
   1.7999999999999999E-02   0.8401419414989342
   1.9000000000000000E-02   0.8404023588179371
   2.0000000000000000E-02   0.8406635737394780
   2.1000000000000001E-02   0.8409255895240666
   2.1999999999999999E-02   0.8411884094488905
   2.3000000000000000E-02   0.8414520368079174
   2.4000000000000000E-02   0.8417164749119986
   2.5000000000000001E-02   0.8419817270889728
   2.5999999999999999E-02   0.8422477966837708
   2.7000000000000000E-02   0.8425146870585211
   2.8000000000000001E-02   0.8427824015926556
   2.9000000000000001E-02   0.8430509436830175
   2.9999999999999999E-02   0.8433203167439681
   3.1000000000000000E-02   0.8435905242074960
   3.2000000000000001E-02   0.8438615695233261
   3.3000000000000002E-02   0.8441334561590298
   3.4000000000000002E-02   0.8444061876001357
   3.5000000000000003E-02   0.8446797673502419
   3.5999999999999997E-02   0.8449541989311274
   3.6999999999999998E-02   0.8452294858828668
   3.7999999999999999E-02   0.8455056317639438
   3.9000000000000000E-02   0.8457826401513656
   4.0000000000000001E-02   0.8460605146407800
   4.1000000000000002E-02   0.8463392588465912
   4.2000000000000003E-02   0.8466188764020774
   4.2999999999999997E-02   0.8468993709595096
   4.3999999999999997E-02   0.8471807461902704
   4.4999999999999998E-02   0.8474630057849747
   4.5999999999999999E-02   0.8477461534535898
   4.7000000000000000E-02   0.8480301929255586
   4.8000000000000001E-02   0.8483151279499210
   4.9000000000000002E-02   0.8486009622954389
   5.0000000000000003E-02   0.8488876997507199
   5.0999999999999997E-02   0.8491753441243430
   5.1999999999999998E-02   0.8494638992449857
   5.2999999999999999E-02   0.8497533689615505
   5.3999999999999999E-02   0.8500437571432941
   5.5000000000000000E-02   0.8503350676799557
   5.6000000000000001E-02   0.8506273044818885
   5.7000000000000002E-02   0.8509204714801898
   5.8000000000000003E-02   0.8512145726268338
   5.8999999999999997E-02   0.8515096118948048
   5.9999999999999998E-02   0.8518055932782309
   6.0999999999999999E-02   0.8521025207925199
   6.2000000000000000E-02   0.8524003984744949
   6.3000000000000000E-02   0.8526992303825316
   6.4000000000000001E-02   0.8529990205966967
   6.5000000000000002E-02   0.8532997732188874
   6.6000000000000003E-02   0.8536014923729709
   6.7000000000000004E-02   0.8539041822049266
   6.8000000000000005E-02   0.8542078468829881
   6.9000000000000006E-02   0.8545124905977869
   7.0000000000000007E-02   0.8548181175624967
   7.0999999999999994E-02   0.8551247320129796
   7.1999999999999995E-02   0.8554323382079321
   7.2999999999999995E-02   0.8557409404290336
   7.3999999999999996E-02   0.8560505429810953
   7.4999999999999997E-02   0.8563611501922099
   7.5999999999999998E-02   0.8566727664139037
   7.6999999999999999E-02   0.8569853960212879
   7.8000000000000000E-02   0.8572990434132133
   7.9000000000000001E-02   0.8576137130124240
   8.0000000000000002E-02   0.8579294092657141
   8.1000000000000003E-02   0.8582461366440846
   8.2000000000000003E-02   0.8585638996429014
   8.3000000000000004E-02   0.8588827027820550
   8.4000000000000005E-02   0.8592025506061216
   8.5000000000000006E-02   0.8595234476845243
   8.5999999999999993E-02   0.8598453986116968
   8.6999999999999994E-02   0.8601684080072479
   8.7999999999999995E-02   0.8604924805161271
   8.8999999999999996E-02   0.8608176208087915
   8.9999999999999997E-02   0.8611438335813740
   9.0999999999999998E-02   0.8614711235558532
   9.1999999999999998E-02   0.8617994954802242
   9.2999999999999999E-02   0.8621289541286702
   9.4000000000000000E-02   0.8624595043017372
   9.5000000000000001E-02   0.8627911508265077
   9.6000000000000002E-02   0.8631238985567775
   9.7000000000000003E-02   0.8634577523732335
   9.8000000000000004E-02   0.8637927171836322
   9.9000000000000005E-02   0.8641287979229799
   0.1000000000000000   0.8644659995537156
   0.1010000000000000   0.8648043270658928
   0.1020000000000000   0.8651437854773649
   0.1030000000000000   0.8654843798339713
   0.1040000000000000   0.8658261152097242
   0.1050000000000000   0.8661689967069984
   0.1060000000000000   0.8665130294567216
   0.1070000000000000   0.8668582186185658
   0.1080000000000000   0.8672045693811412
   0.1090000000000000   0.8675520869621913
   0.1100000000000000   0.8679007766087892
   0.1110000000000000   0.8682506435975353
   0.1120000000000000   0.8686016932347579
   0.1130000000000000   0.8689539308567134
   0.1140000000000000   0.8693073618297896
   0.1150000000000000   0.8696619915507101
   0.1160000000000000   0.8700178254467400
   0.1170000000000000   0.8703748689758940
   0.1180000000000000   0.8707331276271452
   0.1190000000000000   0.8710926069206366
   0.1200000000000000   0.8714533124078933
   0.1210000000000000   0.8718152496720368
   0.1220000000000000   0.8721784243280016
   0.1230000000000000   0.8725428420227526
   0.1240000000000000   0.8729085084355043
   0.1250000000000000   0.8732754292779425
   0.1260000000000000   0.8736436102944475
   0.1270000000000000   0.8740130572623183
   0.1280000000000000   0.8743837759919997
   0.1290000000000000   0.8747557723273108
   0.1300000000000000   0.8751290521456752
   0.1310000000000000   0.8755036213583528
   0.1320000000000000   0.8758794859106744
   0.1330000000000000   0.8762566517822773
   0.1340000000000000   0.8766351249873432
   0.1350000000000000   0.8770149115748378
   0.1360000000000000   0.8773960176287527
   0.1370000000000000   0.8777784492683494
   0.1380000000000000   0.8781622126484037
   0.1390000000000000   0.8785473139594548
   0.1400000000000000   0.8789337594280544
   0.1410000000000000   0.8793215553170177
   0.1420000000000000   0.8797107079256784
   0.1430000000000000   0.8801012235901434
   0.1440000000000000   0.8804931086835515
   0.1450000000000000   0.8808863696163327
   0.1460000000000000   0.8812810128364713
   0.1470000000000000   0.8816770448297693
   0.1480000000000000   0.8820744721201131
   0.1490000000000000   0.8824733012697429
   0.1500000000000000   0.8828735388795224
   0.1510000000000000   0.8832751915892126
   0.1520000000000000   0.8836782660777477
   0.1530000000000000   0.8840827690635114
   0.1540000000000000   0.8844887073046180
   0.1550000000000000   0.8848960875991944
   0.1560000000000000   0.8853049167856641
   0.1570000000000000   0.8857152017430354
   0.1580000000000000   0.8861269493911894
   0.1590000000000000   0.8865401666911730
   0.1600000000000000   0.8869548606454920
   0.1610000000000000   0.8873710382984088
   0.1620000000000000   0.8877887067362408
   0.1630000000000000   0.8882078730876622
   0.1640000000000000   0.8886285445240087
   0.1650000000000000   0.8890507282595836
   0.1660000000000000   0.8894744315519674
   0.1670000000000000   0.8898996617023293
   0.1680000000000000   0.8903264260557424
   0.1690000000000000   0.8907547320015008
   0.1700000000000000   0.8911845869734386
   0.1710000000000000   0.8916159984502536
   0.1720000000000000   0.8920489739558318
   0.1730000000000000   0.8924835210595758
   0.1740000000000000   0.8929196473767357
   0.1750000000000000   0.8933573605687422
   0.1760000000000000   0.8937966683435437
   0.1770000000000000   0.8942375784559455
   0.1780000000000000   0.8946800987079517
   0.1790000000000000   0.8951242369491108
   0.1800000000000000   0.8955700010768635
   0.1810000000000000   0.8960173990368935
   0.1820000000000000   0.8964664388234823
   0.1830000000000000   0.8969171284798660
   0.1840000000000000   0.8973694760985952
   0.1850000000000000   0.8978234898218983
   0.1860000000000000   0.8982791778420487
   0.1870000000000000   0.8987365484017330
   0.1880000000000000   0.8991956097944253
   0.1890000000000000   0.8996563703647615
   0.1900000000000000   0.9001188385089202
   0.1910000000000000   0.9005830226750037
   0.1920000000000000   0.9010489313634249
   0.1930000000000000   0.9015165731272959
   0.1940000000000000   0.9019859565728209
   0.1950000000000000   0.9024570903596916
   0.1960000000000000   0.9029299832014873
   0.1970000000000000   0.9034046438660774
   0.1980000000000000   0.9038810811760277
   0.1990000000000000   0.9043593040090109
   0.2000000000000000   0.9048393212982194
   0.2010000000000000   0.9053211420327831
   0.2020000000000000   0.9058047752581903
   0.2030000000000000   0.9062902300767114
   0.2040000000000000   0.9067775156478283
   0.2050000000000000   0.9072666411886654
   0.2060000000000000   0.9077576159744266
   0.2070000000000000   0.9082504493388338
   0.2080000000000000   0.9087451506745715
   0.2090000000000000   0.9092417294337336
   0.2100000000000000   0.9097401951282755
   0.2110000000000000   0.9102405573304692
   0.2120000000000000   0.9107428256733628
   0.2130000000000000   0.9112470098512447
   0.2140000000000000   0.9117531196201109
   0.2150000000000000   0.9122611647981368
   0.2160000000000000   0.9127711552661537
   0.2170000000000000   0.9132831009681295
   0.2180000000000000   0.9137970119116526
   0.2190000000000000   0.9143128981684219
   0.2200000000000000   0.9148307698747394
   0.2210000000000000   0.9153506372320090
   0.2220000000000000   0.9158725105072381
   0.2230000000000000   0.9163964000335447
   0.2240000000000000   0.9169223162106696
   0.2250000000000000   0.9174502695054914
   0.2260000000000000   0.9179802704525483
   0.2270000000000000   0.9185123296545626
   0.2280000000000000   0.9190464577829722
   0.2290000000000000   0.9195826655784647
   0.2300000000000000   0.9201209638515174
   0.2310000000000000   0.9206613634829429
   0.2320000000000000   0.9212038754244383
   0.2330000000000000   0.9217485106991403
   0.2340000000000000   0.9222952804021853
   0.2350000000000000   0.9228441957012741
   0.2360000000000000   0.9233952678372422
   0.2370000000000000   0.9239485081246360
   0.2380000000000000   0.9245039279522923
   0.2390000000000000   0.9250615387839257
   0.2400000000000000   0.9256213521587192
   0.2410000000000000   0.9261833796919218
   0.2420000000000000   0.9267476330754505
   0.2430000000000000   0.9273141240784988
   0.2440000000000000   0.9278828645481503
   0.2450000000000000   0.9284538664099976
   0.2460000000000000   0.9290271416687685
   0.2470000000000000   0.9296027024089559
   0.2480000000000000   0.9301805607954553
   0.2490000000000000   0.9307607290742073
   0.2500000000000000   0.9313432195728466
   0.2510000000000000   0.9319280447013567
   0.2520000000000000   0.9325152169527310
   0.2530000000000000   0.9331047489036399
   0.2540000000000000   0.9336966532151042
   0.2550000000000000   0.9342909426331752
   0.2560000000000000   0.9348876299896206
   0.2570000000000000   0.9354867282026170
   0.2580000000000000   0.9360882502774497
   0.2590000000000000   0.9366922093072180
   0.2600000000000000   0.9372986184735475
   0.2610000000000000   0.9379074910473101
   0.2620000000000000   0.9385188403893495
   0.2630000000000000   0.9391326799512143
   0.2640000000000000   0.9397490232758977
   0.2650000000000000   0.9403678839985852
   0.2660000000000000   0.9409892758474079
   0.2670000000000000   0.9416132126442042
   0.2680000000000000   0.9422397083052886
   0.2690000000000000   0.9428687768422274
   0.2700000000000000   0.9435004323626223
   0.2710000000000000   0.9441346890709010
   0.2720000000000000   0.9447715612691163
   0.2730000000000000   0.9454110633577523
   0.2740000000000000   0.9460532098365375
   0.2750000000000000   0.9466980153052684
   0.2760000000000000   0.9473454944646377
   0.2770000000000000   0.9479956621170731
   0.2780000000000000   0.9486485331675834
   0.2790000000000000   0.9493041226246118
   0.2800000000000000   0.9499624456009000
   0.2810000000000000   0.9506235173143578
   0.2820000000000000   0.9512873530889430
   0.2830000000000000   0.9519539683555496
   0.2840000000000000   0.9526233786529046
   0.2850000000000000   0.9532955996284730
   0.2860000000000000   0.9539706470393730
   0.2870000000000000   0.9546485367532985
   0.2880000000000000   0.9553292847494524
   0.2890000000000000   0.9560129071194878
   0.2900000000000000   0.9566994200684591
   0.2910000000000000   0.9573888399157819
   0.2920000000000000   0.9580811830962039
   0.2930000000000000   0.9587764661607832
   0.2940000000000000   0.9594747057778781
   0.2950000000000000   0.9601759187341460
   0.2960000000000000   0.9608801219355526
   0.2970000000000000   0.9615873324083902
   0.2980000000000000   0.9622975673003076
   0.2990000000000000   0.9630108438813491
   0.3000000000000000   0.9637271795450046
   0.3010000000000000   0.9644465918092698
   0.3020000000000000   0.9651690983177176
   0.3030000000000000   0.9658947168405790
   0.3040000000000000   0.9666234652758370
   0.3050000000000000   0.9673553616503290
   0.3060000000000000   0.9680904241208629
   0.3070000000000000   0.9688286709753420
   0.3080000000000000   0.9695701206339035
   0.3090000000000000   0.9703147916500665
   0.3100000000000000   0.9710627027118939
   0.3110000000000000   0.9718138726431638
   0.3120000000000000   0.9725683204045544
   0.3130000000000000   0.9733260650948407
   0.3140000000000000   0.9740871259521026
   0.3150000000000000   0.9748515223549467
   0.3160000000000000   0.9756192738237394
   0.3170000000000000   0.9763904000218534
   0.3180000000000000   0.9771649207569266
   0.3190000000000000   0.9779428559821340
   0.3200000000000000   0.9787242257974731
   0.3210000000000000   0.9795090504510620
   0.3220000000000000   0.9802973503404512
   0.3230000000000000   0.9810891460139489
   0.3240000000000000   0.9818844581719606
   0.3250000000000000   0.9826833076683410
   0.3260000000000000   0.9834857155117622
   0.3270000000000000   0.9842917028670942
   0.3280000000000000   0.9851012910568008
   0.3290000000000000   0.9859145015623496
   0.3300000000000000   0.9867313560256379
   0.3310000000000000   0.9875518762504311
   0.3320000000000000   0.9883760842038189
   0.3330000000000000   0.9892040020176853
   0.3340000000000000   0.9900356519901941
   0.3350000000000000   0.9908710565872901
   0.3360000000000000   0.9917102384442172
   0.3370000000000000   0.9925532203670511
   0.3380000000000000   0.9934000253342483
   0.3390000000000000   0.9942506764982130
   0.3400000000000000   0.9951051971868791
   0.3410000000000000   0.9959636109053095
   0.3420000000000000   0.9968259413373127
   0.3430000000000000   0.9976922123470765
   0.3440000000000000   0.9985624479808185
   0.3450000000000000   0.9994366724684558
   0.3460000000000000   1.0003149102252904
   0.3470000000000000   1.0011971858537152
   0.3480000000000000   1.0020835241449355
   0.3490000000000000   1.0029739500807122
   0.3500000000000000   1.0038684888351208
   0.3510000000000000   1.0047671657763315
   0.3520000000000000   1.0056700064684070
   0.3530000000000000   1.0065770366731217
   0.3540000000000000   1.0074882823517981
   0.3550000000000000   1.0084037696671655
   0.3560000000000000   1.0093235249852375
   0.3570000000000000   1.0102475748772104
   0.3580000000000000   1.0111759461213825
   0.3590000000000000   1.0121086657050937
   0.3600000000000000   1.0130457608266872
   0.3610000000000000   1.0139872588974923
   0.3620000000000000   1.0149331875438286
   0.3630000000000000   1.0158835746090333
   0.3640000000000000   1.0168384481555093
   0.3650000000000000   1.0177978364667970
   0.3660000000000000   1.0187617680496697
   0.3670000000000000   1.0197302716362495
   0.3680000000000000   1.0207033761861499
   0.3690000000000000   1.0216811108886397
   0.3700000000000000   1.0226635051648325
   0.3710000000000000   1.0236505886698994
   0.3720000000000000   1.0246423912953080
   0.3730000000000000   1.0256389431710844
   0.3740000000000000   1.0266402746681020
   0.3750000000000000   1.0276464164003951
   0.3760000000000000   1.0286573992274999
   0.3770000000000000   1.0296732542568192
   0.3780000000000000   1.0306940128460169
   0.3790000000000000   1.0317197066054367
   0.3800000000000000   1.0327503674005498
   0.3810000000000000   1.0337860273544304
   0.3820000000000000   1.0348267188502576
   0.3830000000000000   1.0358724745338481
   0.3840000000000000   1.0369233273162153
   0.3850000000000000   1.0379793103761594
   0.3860000000000000   1.0390404571628860
   0.3870000000000000   1.0401068013986550
   0.3880000000000000   1.0411783770814602
   0.3890000000000000   1.0422552184877385
   0.3900000000000000   1.0433373601751117
   0.3910000000000000   1.0444248369851581
   0.3920000000000000   1.0455176840462181
   0.3930000000000000   1.0466159367762304
   0.3940000000000000   1.0477196308856018
   0.3950000000000000   1.0488288023801102
   0.3960000000000000   1.0499434875638407
   0.3970000000000000   1.0510637230421573
   0.3980000000000000   1.0521895457247075
   0.3990000000000000   1.0533209928284621
   0.4000000000000000   1.0544581018807921
   0.4010000000000000   1.0556009107225801
   0.4020000000000000   1.0567494575113674
   0.4030000000000000   1.0579037807245413
   0.4040000000000000   1.0590639191625557
   0.4050000000000000   1.0602299119521932
   0.4060000000000000   1.0614017985498627
   0.4070000000000000   1.0625796187449383
   0.4080000000000000   1.0637634126631372
   0.4090000000000000   1.0649532207699361
   0.4100000000000000   1.0661490838740297
   0.4110000000000000   1.0673510431308304
   0.4120000000000000   1.0685591400460088
   0.4130000000000000   1.0697734164790771
   0.4140000000000000   1.0709939146470149
   0.4150000000000000   1.0722206771279390
   0.4160000000000000   1.0734537468648166
   0.4170000000000000   1.0746931671692237
   0.4180000000000000   1.0759389817251479
   0.4190000000000000   1.0771912345928385
   0.4200000000000000   1.0784499702127013
   0.4210000000000000   1.0797152334092417
   0.4220000000000000   1.0809870693950561
   0.4230000000000000   1.0822655237748697
   0.4240000000000000   1.0835506425496257
   0.4250000000000000   1.0848424721206233
   0.4260000000000000   1.0861410592937055
   0.4270000000000000   1.0874464512834996
   0.4280000000000000   1.0887586957177084
   0.4290000000000000   1.0900778406414553
   0.4300000000000000   1.0914039345216808
   0.4310000000000000   1.0927370262515956
   0.4320000000000000   1.0940771651551868
   0.4330000000000000   1.0954244009917804
   0.4340000000000000   1.0967787839606606
   0.4350000000000000   1.0981403647057457
   0.4360000000000000   1.0995091943203226
   0.4370000000000000   1.1008853243518402
   0.4380000000000000   1.1022688068067616
   0.4390000000000000   1.1036596941554795
   0.4400000000000000   1.1050580393372891
   0.4410000000000000   1.1064638957654271
   0.4420000000000000   1.1078773173321721
   0.4430000000000000   1.1092983584140088
   0.4440000000000000   1.1107270738768584
   0.4450000000000000   1.1121635190813755
   0.4460000000000000   1.1136077498883088
   0.4470000000000000   1.1150598226639343
   0.4480000000000000   1.1165197942855538
   0.4490000000000000   1.1179877221470649
   0.4500000000000000   1.1194636641646019
   0.4510000000000000   1.1209476787822485
   0.4520000000000000   1.1224398249778236
   0.4530000000000000   1.1239401622687404
   0.4540000000000000   1.1254487507179423
   0.4550000000000000   1.1269656509399144
   0.4560000000000000   1.1284909241067711
   0.4570000000000000   1.1300246319544247
   0.4580000000000000   1.1315668367888314
   0.4590000000000000   1.1331176014923203
   0.4600000000000000   1.1346769895300024
   0.4610000000000000   1.1362450649562645
   0.4620000000000000   1.1378218924213479
   0.4630000000000000   1.1394075371780104
   0.4640000000000000   1.1410020650882786
   0.4650000000000000   1.1426055426302870
   0.4660000000000000   1.1442180369052066
   0.4670000000000000   1.1458396156442652
   0.4680000000000000   1.1474703472158603
   0.4690000000000000   1.1491103006327645
   0.4700000000000000   1.1507595455594293
   0.4710000000000000   1.1524181523193806
   0.4720000000000000   1.1540861919027179
   0.4730000000000000   1.1557637359737087
   0.4740000000000000   1.1574508568784876
   0.4750000000000000   1.1591476276528547
   0.4760000000000000   1.1608541220301816
   0.4770000000000000   1.1625704144494204
   0.4780000000000000   1.1642965800632235
   0.4790000000000000   1.1660326947461679
   0.4800000000000000   1.1677788351030958
   0.4810000000000000   1.1695350784775638
   0.4820000000000000   1.1713015029604077
   0.4830000000000000   1.1730781873984233
   0.4840000000000000   1.1748652114031655
   0.4850000000000000   1.1766626553598671
   0.4860000000000000   1.1784706004364776
   0.4870000000000000   1.1802891285928276
   0.4880000000000000   1.1821183225899181
   0.4890000000000000   1.1839582659993357
   0.4900000000000000   1.1858090432127988
   0.4910000000000000   1.1876707394518347
   0.4920000000000000   1.1895434407775898
   0.4930000000000000   1.1914272341007766
   0.4940000000000000   1.1933222071917560
   0.4950000000000000   1.1952284486907627
   0.4960000000000000   1.1971460481182701
   0.4970000000000000   1.1990750958855005
   0.4980000000000000   1.2010156833050829
   0.4990000000000000   1.2029679026018580
   0.5000000000000000   1.2049318469238368
   0.5010000000000000   1.2069076103533112
   0.5020000000000000   1.2088952879181218
   0.5030000000000000   1.2108949756030845
   0.5040000000000000   1.2129067703615783
   0.5050000000000000   1.2149307701272982
   0.5060000000000000   1.2169670738261724
   0.5070000000000000   1.2190157813884515
   0.5080000000000000   1.2210769937609685
   0.5090000000000000   1.2231508129195738
   0.5100000000000000   1.2252373418817488
   0.5110000000000000   1.2273366847193987
   0.5120000000000000   1.2294489465718315
   0.5130000000000000   1.2315742336589204
   0.5140000000000000   1.2337126532944593
   0.5150000000000000   1.2358643138997092
   0.5160000000000000   1.2380293250171415
   0.5170000000000000   1.2402077973243801
   0.5180000000000000   1.2423998426483465
   0.5190000000000000   1.2446055739796120
   0.5200000000000000   1.2468251054869572
   0.5210000000000000   1.2490585525321467
   0.5220000000000000   1.2513060316849187
   0.5230000000000000   1.2535676607381963
   0.5240000000000000   1.2558435587235213
   0.5250000000000000   1.2581338459267164
   0.5260000000000000   1.2604386439037798
   0.5270000000000000   1.2627580754970131
   0.5280000000000000   1.2650922648513909
   0.5290000000000000   1.2674413374311722
   0.5300000000000000   1.2698054200367608
   0.5310000000000000   1.2721846408218167
   0.5320000000000000   1.2745791293106241
   0.5330000000000000   1.2769890164157205
   0.5340000000000000   1.2794144344557894
   0.5350000000000000   1.2818555171738240
   0.5360000000000000   1.2843123997555652
   0.5370000000000000   1.2867852188482181
   0.5380000000000000   1.2892741125794518
   0.5390000000000000   1.2917792205766900
   0.5400000000000000   1.2943006839866935
   0.5410000000000000   1.2968386454954426
   0.5420000000000000   1.2993932493483236
   0.5430000000000000   1.3019646413706243
   0.5440000000000000   1.3045529689883457
   0.5450000000000000   1.3071583812493333
   0.5460000000000000   1.3097810288447336
   0.5470000000000000   1.3124210641307859
   0.5480000000000000   1.3150786411509472
   0.5490000000000000   1.3177539156583655
   0.5500000000000000   1.3204470451386996
   0.5510000000000000   1.3231581888332971
   0.5520000000000000   1.3258875077627339
   0.5530000000000000   1.3286351647507237
   0.5540000000000000   1.3314013244484020
   0.5550000000000000   1.3341861533589936
   0.5560000000000000   1.3369898198628687
   0.5570000000000001   1.3398124942429954
   0.5580000000000001   1.3426543487107971
   0.5590000000000001   1.3455155574324180
   0.5600000000000001   1.3483962965554099
   0.5610000000000001   1.3512967442358439
   0.5620000000000001   1.3542170806658542
   0.5629999999999999   1.3571574881016266
   0.5639999999999999   1.3601181508918354
   0.5649999999999999   1.3630992555065375
   0.5659999999999999   1.3661009905665347
   0.5669999999999999   1.3691235468732095
   0.5679999999999999   1.3721671174388479
   0.5690000000000000   1.3752318975174516
   0.5700000000000000   1.3783180846360543
   0.5710000000000000   1.3814258786265505
   0.5720000000000000   1.3845554816580425
   0.5730000000000000   1.3877070982697222
   0.5740000000000000   1.3908809354042895
   0.5750000000000000   1.3940772024419261
   0.5760000000000000   1.3972961112348277
   0.5770000000000000   1.4005378761423088
   0.5780000000000000   1.4038027140664935
   0.5790000000000000   1.4070908444885946
   0.5800000000000000   1.4104024895058049
   0.5810000000000000   1.4137378738687998
   0.5820000000000000   1.4170972250198719
   0.5830000000000000   1.4204807731317062
   0.5840000000000000   1.4238887511468066
   0.5850000000000000   1.4273213948175913
   0.5860000000000000   1.4307789427471642
   0.5870000000000000   1.4342616364307794
   0.5880000000000000   1.4377697202980115
   0.5890000000000000   1.4413034417556438
   0.5900000000000000   1.4448630512312906
   0.5910000000000000   1.4484488022177662
   0.5920000000000000   1.4520609513182174
   0.5930000000000000   1.4556997582920315
   0.5940000000000000   1.4593654861015377
   0.5950000000000000   1.4630584009595173
   0.5960000000000000   1.4667787723775363
   0.5970000000000000   1.4705268732151202
   0.5980000000000000   1.4743029797297862
   0.5990000000000000   1.4781073716279478
   0.6000000000000000   1.4819403321167144
   0.6010000000000000   1.4858021479565979
   0.6020000000000000   1.4896931095151498
   0.6030000000000000   1.4936135108215431
   0.6040000000000000   1.4975636496221227
   0.6050000000000000   1.5015438274369388
   0.6060000000000000   1.5055543496172883
   0.6070000000000000   1.5095955254042805
   0.6080000000000000   1.5136676679884518
   0.6090000000000000   1.5177710945704475
   0.6100000000000000   1.5219061264227947
   0.6110000000000000   1.5260730889527889
   0.6120000000000000   1.5302723117665151
   0.6130000000000000   1.5345041287340297
   0.6140000000000000   1.5387688780557260
   0.6150000000000000   1.5430669023299064
   0.6160000000000000   1.5473985486215900
   0.6170000000000000   1.5517641685325783
   0.6180000000000000   1.5561641182728061
   0.6190000000000000   1.5605987587330064
   0.6200000000000000   1.5650684555587138
   0.6210000000000000   1.5695735792256389
   0.6220000000000000   1.5741145051164380
   0.6230000000000000   1.5786916135989109
   0.6240000000000000   1.5833052901056579
   0.6250000000000000   1.5879559252152233
   0.6260000000000000   1.5926439147347609
   0.6270000000000000   1.5973696597842539
   0.6280000000000000   1.6021335668823193
   0.6290000000000000   1.6069360480336359
   0.6300000000000000   1.6117775208180267
   0.6310000000000000   1.6166584084812350
   0.6320000000000000   1.6215791400274280
   0.6330000000000000   1.6265401503134684
   0.6340000000000000   1.6315418801449915
   0.6350000000000000   1.6365847763743260
   0.6360000000000000   1.6416692920003024
   0.6370000000000000   1.6467958862699872
   0.6380000000000000   1.6519650247823876
   0.6390000000000000   1.6571771795941701
   0.6400000000000000   1.6624328293274373
   0.6410000000000000   1.6677324592796090
   0.6420000000000000   1.6730765615354553
   0.6430000000000000   1.6784656350813287
   0.6440000000000000   1.6839001859216469
   0.6450000000000000   1.6893807271976733
   0.6460000000000000   1.6949077793086527
   0.6470000000000000   1.7004818700353492
   0.6480000000000000   1.7061035346660474
   0.6490000000000000   1.7117733161250674
   0.6500000000000000   1.7174917651038555
   0.6510000000000000   1.7232594401947074
   0.6520000000000000   1.7290769080271848
   0.6530000000000000   1.7349447434072887
   0.6540000000000000   1.7408635294594510
   0.6550000000000000   1.7468338577714129
   0.6560000000000000   1.7528563285420546
   0.6570000000000000   1.7589315507322472
   0.6580000000000000   1.7650601422187946
   0.6590000000000000   1.7712427299515434
   0.6600000000000000   1.7774799501137295
   0.6610000000000000   1.7837724482856416
   0.6620000000000000   1.7901208796116794
   0.6630000000000000   1.7965259089708863
   0.6640000000000000   1.8029882111510400
   0.6650000000000000   1.8095084710263885
   0.6660000000000000   1.8160873837391127
   0.6670000000000000   1.8227256548846131
   0.6680000000000000   1.8294240007007063
   0.6690000000000000   1.8361831482608302
   0.6700000000000000   1.8430038356713534
   0.6710000000000000   1.8498868122730880
   0.6720000000000000   1.8568328388471114
   0.6730000000000000   1.8638426878249992
   0.6740000000000000   1.8709171435035796
   0.6750000000000000   1.8780570022643210
   0.6760000000000000   1.8852630727974657
   0.6770000000000000   1.8925361763310298
   0.6780000000000000   1.8998771468647875
   0.6790000000000000   1.9072868314093674
   0.6800000000000000   1.9147660902305863
   0.6810000000000000   1.9223157970991520
   0.6820000000000001   1.9299368395458740
   0.6830000000000001   1.9376301191225160
   0.6840000000000001   1.9453965516684371
   0.6850000000000001   1.9532370675831672
   0.6860000000000001   1.9611526121050697
   0.6870000000000001   1.9691441455962451
   0.6879999999999999   1.9772126438338360
   0.6889999999999999   1.9853590983079039
   0.6899999999999999   1.9935845165260355
   0.6909999999999999   2.0018899223248670
   0.6919999999999999   2.0102763561886978
   0.6929999999999999   2.0187448755753801
   0.6940000000000000   2.0272965552496771
   0.6950000000000000   2.0359324876242830
   0.6960000000000000   2.0446537831087093
   0.6970000000000000   2.0534615704662440
   0.6980000000000000   2.0623569971791995
   0.6990000000000000   2.0713412298226666
   0.7000000000000000   2.0804154544470053
   0.7010000000000000   2.0895808769693063
   0.7020000000000000   2.0988387235740595
   0.7030000000000000   2.1081902411232867
   0.7040000000000000   2.1176366975763861
   0.7050000000000000   2.1271793824199556
   0.7060000000000000   2.1368196071078716
   0.7070000000000000   2.1465587055118962
   0.7080000000000000   2.1563980343831033
   0.7090000000000000   2.1663389738244287
   0.7100000000000000   2.1763829277746418
   0.7110000000000000   2.1865313245040610
   0.7120000000000000   2.1967856171223397
   0.7130000000000000   2.2071472840986588
   0.7140000000000000   2.2176178297946705
   0.7150000000000000   2.2281987850105596
   0.7160000000000000   2.2388917075445836
   0.7170000000000000   2.2496981827664793
   0.7180000000000000   2.2606198242051270
   0.7190000000000000   2.2716582741508833
   0.7200000000000000   2.2828152042729930
   0.7210000000000000   2.2940923162525251
   0.7220000000000000   2.3054913424312709
   0.7230000000000000   2.3170140464770719
   0.7240000000000000   2.3286622240660515
   0.7250000000000000   2.3404377035822441
   0.7260000000000000   2.3523423468351310
   0.7270000000000000   2.3643780497956062
   0.7280000000000000   2.3765467433509211
   0.7290000000000000   2.3888503940791623
   0.7300000000000000   2.4012910050438458
   0.7310000000000000   2.4138706166092283
   0.7320000000000000   2.4265913072769507
   0.7330000000000000   2.4394551945446628
   0.7340000000000000   2.4524644357872774
   0.7350000000000000   2.4656212291615538
   0.7360000000000000   2.4789278145347082
   0.7370000000000000   2.4923864744377875
   0.7380000000000000   2.5059995350445630
   0.7390000000000000   2.5197693671767305
   0.7400000000000000   2.5336983873362202
   0.7410000000000000   2.5477890587654675
   0.7420000000000000   2.5620438925364990
   0.7430000000000000   2.5764654486697469
   0.7440000000000000   2.5910563372835096
   0.7450000000000000   2.6058192197750318
   0.7460000000000000   2.6207568100341962
   0.7470000000000000   2.6358718756908610
   0.7480000000000000   2.6511672393969175
   0.7490000000000000   2.6666457801441683
   0.7500000000000000   2.6823104346191844
   0.7510000000000000   2.6981641985963241
   0.7520000000000000   2.7142101283701505
   0.7530000000000000   2.7304513422285264
   0.7540000000000000   2.7468910219677110
   0.7550000000000000   2.7635324144508320
   0.7560000000000000   2.7803788332111625
   0.7570000000000000   2.7974336601016740
   0.7580000000000000   2.8147003469924035
   0.7590000000000000   2.8321824175172234
   0.7600000000000000   2.8498834688716661
   0.7610000000000000   2.8678071736635120
   0.7620000000000000   2.8859572818179218
   0.7630000000000000   2.9043376225389563
   0.7640000000000000   2.9229521063294008
   0.7650000000000000   2.9418047270708798
   0.7660000000000000   2.9608995641663336
   0.7670000000000000   2.9802407847469943
   0.7680000000000000   2.9998326459460980
   0.7690000000000000   3.0196794972416439
   0.7700000000000000   3.0397857828706107
   0.7710000000000000   3.0601560443171310
   0.7720000000000000   3.0807949228772200
   0.7730000000000000   3.1017071623027714
   0.7740000000000000   3.1228976115276259
   0.7750000000000000   3.1443712274786351
   0.7760000000000000   3.1661330779747723
   0.7770000000000000   3.1881883447174451
   0.7780000000000000   3.2105423263753115
   0.7790000000000000   3.2332004417670253
   0.7800000000000000   3.2561682331454769
   0.7810000000000000   3.2794513695872536
   0.7820000000000000   3.3030556504911801
   0.7830000000000000   3.3269870091899767
   0.7840000000000000   3.3512515166792300
   0.7850000000000000   3.3758553854680557
   0.7860000000000000   3.4008049735560091
   0.7870000000000000   3.4261067885409968
   0.7880000000000000   3.4517674918631487
   0.7890000000000000   3.4777939031898120
   0.7900000000000000   3.5041930049470582
   0.7910000000000000   3.5309719470033261
   0.7920000000000000   3.5581380515110648
   0.7930000000000000   3.5856988179124953
   0.7940000000000000   3.6136619281158850
   0.7950000000000000   3.6420352518490007
   0.7960000000000000   3.6708268521967082
   0.7970000000000000   3.7000449913299898
   0.7980000000000000   3.7296981364339836
   0.7990000000000000   3.7597949658429832
   0.8000000000000000   3.7903443753906965
   0.8010000000000000   3.8213554849844380
   0.8020000000000000   3.8528376454123299
   0.8030000000000000   3.8848004453929921
   0.8040000000000000   3.9172537188776460
   0.8050000000000000   3.9502075526150180
   0.8060000000000000   3.9836722939898994
   0.8070000000000001   4.0176585591467431
   0.8080000000000001   4.0521772414101989
   0.8090000000000001   4.0872395200150633
   0.8100000000000001   4.1228568691586940
   0.8110000000000001   4.1590410673895910
   0.8120000000000001   4.1958042073464705
   0.8129999999999999   4.2331587058628788
   0.8139999999999999   4.2711173144531118
   0.8149999999999999   4.3096931301959422
   0.8159999999999999   4.3488996070335464
   0.8169999999999999   4.3887505675038003
   0.8179999999999999   4.4292602149250442
   0.8190000000000000   4.4704431460533849
   0.8200000000000000   4.5123143642335837
   0.8210000000000000   4.5548892930656555
   0.8220000000000000   4.5981837906104222
   0.8230000000000000   4.6422141641584451
   0.8240000000000000   4.6869971855880239
   0.8250000000000000   4.7325501073392564
   0.8260000000000000   4.7788906790325738
   0.8270000000000000   4.8260371647616376
   0.8280000000000000  0.0000000000000000E+000
   0.8290000000000000  0.0000000000000000E+000
   0.8300000000000000  0.0000000000000000E+000
   0.8310000000000000  0.0000000000000000E+000
   0.8320000000000000  0.0000000000000000E+000
   0.8330000000000000  0.0000000000000000E+000
   0.8340000000000000  0.0000000000000000E+000
   0.8350000000000000  0.0000000000000000E+000
   0.8360000000000000  0.0000000000000000E+000
   0.8370000000000000  0.0000000000000000E+000
   0.8380000000000000  0.0000000000000000E+000
   0.8390000000000000  0.0000000000000000E+000
   0.8400000000000000  0.0000000000000000E+000
   0.8410000000000000  0.0000000000000000E+000
   0.8420000000000000  0.0000000000000000E+000
   0.8430000000000000  0.0000000000000000E+000
   0.8440000000000000  0.0000000000000000E+000
   0.8450000000000000  0.0000000000000000E+000
   0.8460000000000000  0.0000000000000000E+000
   0.8470000000000000  0.0000000000000000E+000
   0.8480000000000000  0.0000000000000000E+000
   0.8490000000000000  0.0000000000000000E+000
   0.8500000000000000  0.0000000000000000E+000
   0.8510000000000000  0.0000000000000000E+000
   0.8520000000000000  0.0000000000000000E+000
   0.8530000000000000  0.0000000000000000E+000
   0.8540000000000000  0.0000000000000000E+000
   0.8550000000000000  0.0000000000000000E+000
   0.8560000000000000  0.0000000000000000E+000
   0.8570000000000000  0.0000000000000000E+000
   0.8580000000000000  0.0000000000000000E+000
   0.8590000000000000  0.0000000000000000E+000
   0.8600000000000000  0.0000000000000000E+000
   0.8610000000000000  0.0000000000000000E+000
   0.8620000000000000  0.0000000000000000E+000
   0.8630000000000000  0.0000000000000000E+000
   0.8640000000000000  0.0000000000000000E+000
   0.8650000000000000  0.0000000000000000E+000
   0.8660000000000000  0.0000000000000000E+000
   0.8670000000000000  0.0000000000000000E+000
   0.8680000000000000  0.0000000000000000E+000
   0.8690000000000000  0.0000000000000000E+000
   0.8700000000000000  0.0000000000000000E+000
   0.8710000000000000  0.0000000000000000E+000
   0.8720000000000000  0.0000000000000000E+000
   0.8730000000000000  0.0000000000000000E+000
   0.8740000000000000  0.0000000000000000E+000
   0.8750000000000000  0.0000000000000000E+000
   0.8760000000000000  0.0000000000000000E+000
   0.8770000000000000  0.0000000000000000E+000
   0.8780000000000000  0.0000000000000000E+000
   0.8790000000000000  0.0000000000000000E+000
   0.8800000000000000  0.0000000000000000E+000
   0.8810000000000000  0.0000000000000000E+000
   0.8820000000000000  0.0000000000000000E+000
   0.8830000000000000  0.0000000000000000E+000
   0.8840000000000000  0.0000000000000000E+000
   0.8850000000000000  0.0000000000000000E+000
   0.8860000000000000  0.0000000000000000E+000
   0.8870000000000000  0.0000000000000000E+000
   0.8880000000000000  0.0000000000000000E+000
   0.8890000000000000  0.0000000000000000E+000
   0.8900000000000000  0.0000000000000000E+000
   0.8910000000000000  0.0000000000000000E+000
   0.8920000000000000  0.0000000000000000E+000
   0.8930000000000000  0.0000000000000000E+000
   0.8940000000000000  0.0000000000000000E+000
   0.8950000000000000  0.0000000000000000E+000
   0.8960000000000000  0.0000000000000000E+000
   0.8970000000000000  0.0000000000000000E+000
   0.8980000000000000  0.0000000000000000E+000
   0.8990000000000000  0.0000000000000000E+000
   0.9000000000000000  0.0000000000000000E+000
   0.9010000000000000  0.0000000000000000E+000
   0.9020000000000000  0.0000000000000000E+000
   0.9030000000000000  0.0000000000000000E+000
   0.9040000000000000  0.0000000000000000E+000
   0.9050000000000000  0.0000000000000000E+000
   0.9060000000000000  0.0000000000000000E+000
   0.9070000000000000  0.0000000000000000E+000
   0.9080000000000000  0.0000000000000000E+000
   0.9090000000000000  0.0000000000000000E+000
   0.9100000000000000  0.0000000000000000E+000
   0.9110000000000000  0.0000000000000000E+000
   0.9120000000000000  0.0000000000000000E+000
   0.9130000000000000  0.0000000000000000E+000
   0.9140000000000000  0.0000000000000000E+000
   0.9150000000000000  0.0000000000000000E+000
   0.9160000000000000  0.0000000000000000E+000
   0.9170000000000000  0.0000000000000000E+000
   0.9180000000000000  0.0000000000000000E+000
   0.9190000000000000  0.0000000000000000E+000
   0.9200000000000000  0.0000000000000000E+000
   0.9210000000000000  0.0000000000000000E+000
   0.9220000000000000  0.0000000000000000E+000
   0.9230000000000000  0.0000000000000000E+000
   0.9240000000000000  0.0000000000000000E+000
   0.9250000000000000  0.0000000000000000E+000
   0.9260000000000000  0.0000000000000000E+000
   0.9270000000000000  0.0000000000000000E+000
   0.9280000000000000  0.0000000000000000E+000
   0.9290000000000000  0.0000000000000000E+000
   0.9300000000000000  0.0000000000000000E+000
   0.9310000000000000  0.0000000000000000E+000
   0.9320000000000001  0.0000000000000000E+000
   0.9330000000000001  0.0000000000000000E+000
   0.9340000000000001  0.0000000000000000E+000
   0.9350000000000001  0.0000000000000000E+000
   0.9360000000000001  0.0000000000000000E+000
   0.9370000000000001  0.0000000000000000E+000
   0.9379999999999999  0.0000000000000000E+000
   0.9389999999999999  0.0000000000000000E+000
   0.9399999999999999  0.0000000000000000E+000
   0.9409999999999999  0.0000000000000000E+000
   0.9419999999999999  0.0000000000000000E+000
   0.9429999999999999  0.0000000000000000E+000
   0.9440000000000000  0.0000000000000000E+000
   0.9450000000000000  0.0000000000000000E+000
   0.9460000000000000  0.0000000000000000E+000
   0.9470000000000000  0.0000000000000000E+000
   0.9480000000000000  0.0000000000000000E+000
   0.9490000000000000  0.0000000000000000E+000
   0.9500000000000000  0.0000000000000000E+000
   0.9510000000000000  0.0000000000000000E+000
   0.9520000000000000  0.0000000000000000E+000
   0.9530000000000000  0.0000000000000000E+000
   0.9540000000000000  0.0000000000000000E+000
   0.9550000000000000  0.0000000000000000E+000
   0.9560000000000000  0.0000000000000000E+000
   0.9570000000000000  0.0000000000000000E+000
   0.9580000000000000  0.0000000000000000E+000
   0.9590000000000000  0.0000000000000000E+000
   0.9600000000000000  0.0000000000000000E+000
   0.9610000000000000  0.0000000000000000E+000
   0.9620000000000000  0.0000000000000000E+000
   0.9630000000000000  0.0000000000000000E+000
   0.9640000000000000  0.0000000000000000E+000
   0.9650000000000000  0.0000000000000000E+000
   0.9660000000000000  0.0000000000000000E+000
   0.9670000000000000  0.0000000000000000E+000
   0.9680000000000000  0.0000000000000000E+000
   0.9690000000000000  0.0000000000000000E+000
   0.9700000000000000  0.0000000000000000E+000
   0.9710000000000000  0.0000000000000000E+000
   0.9720000000000000  0.0000000000000000E+000
   0.9730000000000000  0.0000000000000000E+000
   0.9740000000000000  0.0000000000000000E+000
   0.9750000000000000  0.0000000000000000E+000
   0.9760000000000000  0.0000000000000000E+000
   0.9770000000000000  0.0000000000000000E+000
   0.9780000000000000  0.0000000000000000E+000
   0.9790000000000000  0.0000000000000000E+000
   0.9800000000000000  0.0000000000000000E+000
   0.9810000000000000  0.0000000000000000E+000
   0.9820000000000000  0.0000000000000000E+000
   0.9830000000000000  0.0000000000000000E+000
   0.9840000000000000  0.0000000000000000E+000
   0.9850000000000000  0.0000000000000000E+000
   0.9860000000000000  0.0000000000000000E+000
   0.9870000000000000  0.0000000000000000E+000
   0.9880000000000000  0.0000000000000000E+000
   0.9890000000000000  0.0000000000000000E+000
   0.9900000000000000  0.0000000000000000E+000
   0.9910000000000000  0.0000000000000000E+000
   0.9920000000000000  0.0000000000000000E+000
   0.9930000000000000  0.0000000000000000E+000
   0.9940000000000000  0.0000000000000000E+000
   0.9950000000000000  0.0000000000000000E+000
   0.9960000000000000  0.0000000000000000E+000
   0.9970000000000000  0.0000000000000000E+000
   0.9980000000000000  0.0000000000000000E+000
   0.9990000000000000  0.0000000000000000E+000
   1.0000000000000000  0.0000000000000000E+000
