   5.0000000000000001E-03   6.5462363781208813E+04   2.8089723577963724E+02
   1.4999999999999999E-02   6.5367299552521370E+04   2.8271564851202174E+02
   2.5000000000000001E-02   6.5298070387431333E+04   2.8462640152972119E+02
   3.5000000000000003E-02   6.5111489242286138E+04   2.8632663814252993E+02
   4.4999999999999998E-02   6.5300251203744891E+04   2.8888816748235126E+02
   5.5000000000000000E-02   6.5120430996652241E+04   2.9068428390197067E+02
   6.5000000000000002E-02   6.5655770083270705E+04   2.9411601271088415E+02
   7.4999999999999997E-02   6.5581740061432065E+04   2.9623785245773547E+02
   8.5000000000000006E-02   6.5146779095575374E+04   2.9758868185996715E+02
   9.5000000000000001E-02   6.5341420625096915E+04   3.0041480929317828E+02
   0.1050000000000000   6.5054392012096418E+04   3.0217684817906212E+02
   0.1150000000000000   6.4868630594825700E+04   3.0422261278168116E+02
   0.1250000000000000   6.5734759328476968E+04   3.0878423145389013E+02
   0.1350000000000000   6.5320457276560715E+04   3.1039254367846058E+02
   0.1450000000000000   6.5281775237629714E+04   3.1293041611880369E+02
   0.1550000000000000   6.5476360785232479E+04   3.1609359659341288E+02
   0.1650000000000000   6.5576228392445468E+04   3.1908049000409079E+02
   0.1750000000000000   6.5413264864880766E+04   3.2147725611666561E+02
   0.1850000000000000   6.5002449381234248E+04   3.2331942539615602E+02
   0.1950000000000000   6.5542033871612453E+04   3.2756722350876464E+02
   0.2050000000000000   6.4705971439269830E+04   3.2841039119368702E+02
   0.2150000000000000   6.5252652264978780E+04   3.3281371934061417E+02
   0.2250000000000000   6.5346669824401615E+04   3.3610282822899774E+02
   0.2350000000000000   6.5567457706669564E+04   3.3978736110476393E+02
   0.2450000000000000   6.5368211631132894E+04   3.4240646266646320E+02
   0.2550000000000000   6.5342729015304525E+04   3.4554995457966567E+02
   0.2650000000000000   6.5440752440228920E+04   3.4904352841558449E+02
   0.2750000000000000   6.5905643205107655E+04   3.5357601752570133E+02
   0.2850000000000000   6.5025126077637229E+04   3.5449317080391972E+02
   0.2950000000000000   6.4805748921899416E+04   3.5720394501602556E+02
   0.3050000000000000   6.4641287770017982E+04   3.6008596475585892E+02
   0.3150000000000000   6.5250192836896487E+04   3.6511291484682931E+02
   0.3250000000000000   6.5781049978993833E+04   3.6995873997313623E+02
   0.3350000000000000   6.4977606888022623E+04   3.7100883430855134E+02
   0.3450000000000000   6.5535540930622723E+04   3.7589537628841350E+02
   0.3550000000000000   6.4857610766995102E+04   3.7718568845075470E+02
   0.3650000000000000   6.4688731394263712E+04   3.7984993189206602E+02
   0.3750000000000000   6.4996574817052722E+04   3.8383383664752711E+02
   0.3850000000000000   6.5494164693914223E+04   3.8829155329325027E+02
   0.3950000000000000   6.5040815298888250E+04   3.8976978238005887E+02
   0.4050000000000000   6.6052843217491682E+04   3.9546500472552515E+02
   0.4150000000000000   6.5987946755970741E+04   3.9773663734253819E+02
   0.4250000000000000   6.5711096168902208E+04   3.9913149395406339E+02
   0.4350000000000000   6.5397840912771113E+04   4.0010972932138384E+02
   0.4450000000000000   6.5290046417234655E+04   4.0138503685374337E+02
   0.4550000000000000   6.6128368139513506E+04   4.0519299613562180E+02
   0.4650000000000000   6.6434132287333312E+04   4.0695165114481574E+02
   0.4750000000000000   6.5003583438830428E+04   4.0288726201009143E+02
   0.4850000000000000   6.5715553582306748E+04   4.0491174929199110E+02
   0.4950000000000000   6.4835293387717960E+04   4.0145160508507252E+02
   0.5050000000000000   6.4682298324610587E+04   3.9962499823850823E+02
   0.5150000000000000   6.6011003974248102E+04   4.0167299940816645E+02
   0.5250000000000000   6.5237805699770834E+04   3.9661752924835139E+02
   0.5350000000000000   6.5580636856190511E+04   3.9422000432328650E+02
   0.5450000000000000   6.4914639044308627E+04   3.8805205004997589E+02
   0.5550000000000000   6.4993753666367316E+04   3.8335794215194812E+02
   0.5649999999999999   6.4684678329711161E+04   3.7674633697583511E+02
   0.5750000000000000   6.5205752267433083E+04   3.7179468163114649E+02
   0.5850000000000000   6.5289697684841703E+04   3.6486367212347318E+02
   0.5950000000000000   6.5737723879290876E+04   3.5821807477559850E+02
   0.6050000000000000   6.5249486556070624E+04   3.4835322216688456E+02
   0.6150000000000000   6.5506034622395433E+04   3.3986434636025615E+02
   0.6250000000000000   6.5246959164804350E+04   3.2954623712479838E+02
   0.6350000000000000   6.5208330136021003E+04   3.1929844445399317E+02
   0.6450000000000000   6.4814510588081204E+04   3.0783106393584148E+02
   0.6550000000000000   6.5219491104222310E+04   2.9796670988877258E+02
   0.6650000000000000   6.5158005477018938E+04   2.8672881086011097E+02
   0.6750000000000000   6.5442348580138350E+04   2.7606099712947469E+02
   0.6850000000000001   6.4995271232517262E+04   2.6373968262473818E+02
   0.6950000000000000   6.5353009932698667E+04   2.5304736279288255E+02
   0.7050000000000000   6.5144536905413072E+04   2.4123045751723103E+02
   0.7150000000000000   6.5374600596259741E+04   2.3027498420667740E+02
   0.7250000000000000   6.5198936322796792E+04   2.1874936250220279E+02
   0.7350000000000000   6.5425679263659295E+04   2.0799520796227043E+02
   0.7450000000000000   6.5281803589872317E+04   1.9683123946828982E+02
   0.7550000000000000   6.4803454487099130E+04   1.8542806215716178E+02
   0.7650000000000000   6.5231311722919556E+04   1.7556356041510847E+02
   0.7750000000000000   6.5180852128726532E+04   1.6527611154276605E+02
   0.7850000000000000   6.5354697151858760E+04   1.5548847472922279E+02
   0.7950000000000000   6.5099708214916733E+04   1.4548330684605338E+02
   0.8050000000000000   6.5249173202240716E+04   1.3619833484988951E+02
   0.8149999999999999   6.5184784546598246E+04   1.2695921032097013E+02
   0.8250000000000000   4.6933542962761690E+04   1.0120228357328121E+02
   0.8350000000000000  0.0000000000000000E+000  0.0000000000000000E+000
   0.8450000000000000  0.0000000000000000E+000  0.0000000000000000E+000
   0.8550000000000000  0.0000000000000000E+000  0.0000000000000000E+000
   0.8650000000000000  0.0000000000000000E+000  0.0000000000000000E+000
   0.8750000000000000  0.0000000000000000E+000  0.0000000000000000E+000
   0.8850000000000000  0.0000000000000000E+000  0.0000000000000000E+000
   0.8950000000000000  0.0000000000000000E+000  0.0000000000000000E+000
   0.9050000000000000  0.0000000000000000E+000  0.0000000000000000E+000
   0.9150000000000000  0.0000000000000000E+000  0.0000000000000000E+000
   0.9250000000000000  0.0000000000000000E+000  0.0000000000000000E+000
   0.9350000000000001  0.0000000000000000E+000  0.0000000000000000E+000
   0.9450000000000000  0.0000000000000000E+000  0.0000000000000000E+000
   0.9550000000000000  0.0000000000000000E+000  0.0000000000000000E+000
   0.9650000000000000  0.0000000000000000E+000  0.0000000000000000E+000
   0.9750000000000000  0.0000000000000000E+000  0.0000000000000000E+000
   0.9850000000000000  0.0000000000000000E+000  0.0000000000000000E+000
   0.9950000000000000  0.0000000000000000E+000  0.0000000000000000E+000
