   5.0000000000000001E-03   6.5101710381891768E+04   2.7871976873931146E+02
   1.4999999999999999E-02   6.5434209637847780E+04   2.7861795278668791E+02
   2.5000000000000001E-02   6.5374475479356246E+04   2.7767475451028793E+02
   3.5000000000000003E-02   6.5503148056832171E+04   2.7713348848877365E+02
   4.4999999999999998E-02   6.5187848556371864E+04   2.7565152577272448E+02
   5.5000000000000000E-02   6.4871454173589620E+04   2.7417149661807429E+02
   6.5000000000000002E-02   6.5721817110897013E+04   2.7514608999831648E+02
   7.4999999999999997E-02   6.5704372346782475E+04   2.7429294919433607E+02
   8.5000000000000006E-02   6.5569001568812469E+04   2.7319509490276181E+02
   9.5000000000000001E-02   6.5310005402362025E+04   2.7184005264704257E+02
   0.1050000000000000   6.5537639163445652E+04   2.7149944041417370E+02
   0.1150000000000000   6.4902189595609649E+04   2.6936671505384874E+02
   0.1250000000000000   6.5531247545982442E+04   2.6985461471363783E+02
   0.1350000000000000   6.4796416877507676E+04   2.6752360872629322E+02
   0.1450000000000000   6.5338943493626917E+04   2.6782795745905776E+02
   0.1550000000000000   6.5483168570067894E+04   2.6730759981060106E+02
   0.1650000000000000   6.5386258591018304E+04   2.6629593003847862E+02
   0.1750000000000000   6.5577569608482474E+04   2.6586732622031428E+02
   0.1850000000000000   6.5536749600680138E+04   2.6497115211478257E+02
   0.1950000000000000   6.5133055475496316E+04   2.6334113457499751E+02
   0.2050000000000000   6.5544691079191878E+04   2.6335531998005945E+02
   0.2150000000000000   6.5598608965523512E+04   2.6264922621291123E+02
   0.2250000000000000   6.5676594764947673E+04   2.6198888944721273E+02
   0.2350000000000000   6.5521034918209676E+04   2.6086241847825511E+02
   0.2450000000000000   6.5556125339673847E+04   2.6011920425761065E+02
   0.2550000000000000   6.5082805075322198E+04   2.5836725549990541E+02
   0.2650000000000000   6.5348357451644719E+04   2.5808474462252337E+02
   0.2750000000000000   6.5278041895754963E+04   2.5713414048955303E+02
   0.2850000000000000   6.5002767163640179E+04   2.5578602799100094E+02
   0.2950000000000000   6.5453341517371977E+04   2.5586305539807657E+02
   0.3050000000000000   6.6048199978438133E+04   2.5621298995659458E+02
   0.3150000000000000   6.5423767098643941E+04   2.5419457373852293E+02
   0.3250000000000000   6.5440985229268044E+04   2.5342692784332189E+02
   0.3350000000000000   6.5342127074890624E+04   2.5243343113195516E+02
   0.3450000000000000   6.5541101188407774E+04   2.5202193404763347E+02
   0.3550000000000000   6.5517954632783178E+04   2.5118197981263958E+02
   0.3650000000000000   6.5116435171194091E+04   2.4962245709007973E+02
   0.3750000000000000   6.5708769750066160E+04   2.4996834941929868E+02
   0.3850000000000000   6.5220704684604061E+04   2.4825900526698712E+02
   0.3950000000000000   6.5473209795547627E+04   2.4796051580265407E+02
   0.4050000000000000   6.5201672957049610E+04   2.4667753886494586E+02
   0.4150000000000000   6.5255512819855336E+04   2.4601650257409864E+02
   0.4250000000000000   6.5136081854002005E+04   2.4503742410176358E+02
   0.4350000000000000   6.5122912643630872E+04   2.4426816819415632E+02
   0.4450000000000000   6.5615017102111000E+04   2.4445162781997809E+02
   0.4550000000000000   6.5489637600744769E+04   2.4349159085700609E+02
   0.4650000000000000   6.5924492764832554E+04   2.4358276705229278E+02
   0.4750000000000000   6.5556441225059345E+04   2.4220301554375180E+02
   0.4850000000000000   6.5506513377563082E+04   2.4142608797097770E+02
   0.4950000000000000   6.5184733281568493E+04   2.4016838435247158E+02
   0.5050000000000000   6.5242148994602903E+04   2.3962964952922133E+02
   0.5150000000000000   6.5547865809718467E+04   2.3956612870827476E+02
   0.5250000000000000   6.4903034841129811E+04   2.3778975002935735E+02
   0.5350000000000000   6.5576390671611240E+04   2.3845035754774588E+02
   0.5450000000000000   6.5606885719425016E+04   2.3796885178294596E+02
   0.5550000000000000   6.5534211605519042E+04   2.3733860580801070E+02
   0.5649999999999999   6.5104106184933873E+04   2.3610318658842445E+02
   0.5750000000000000   6.5108157547205476E+04   2.3570282453870897E+02
   0.5850000000000000   6.5352334641969610E+04   2.3579236800260873E+02
   0.5950000000000000   6.5687380255840224E+04   2.3610540872509108E+02
   0.6050000000000000   6.5936334185496540E+04   2.3633400558570884E+02
   0.6150000000000000   6.5351860623358894E+04   2.3515015462942796E+02
   0.6250000000000000   6.5339186212711793E+04   2.3509084763885204E+02
   0.6350000000000000   6.4714433731705481E+04   2.3403979754892242E+02
   0.6450000000000000   6.5587363573692142E+04   2.3582057597930722E+02
   0.6550000000000000   6.5595707692863507E+04   2.3619902226345445E+02
   0.6650000000000000   6.5279188848655875E+04   2.3617365894681348E+02
   0.6750000000000000   6.5813943284140376E+04   2.3790783695376936E+02
   0.6850000000000001   6.5143379680517399E+04   2.3771886179329903E+02
   0.6950000000000000   6.4945709230487293E+04   2.3869679705323637E+02
   0.7050000000000000   6.5568210479173897E+04   2.4157871619325186E+02
   0.7150000000000000   6.5014825559739002E+04   2.4277442185970784E+02
   0.7250000000000000   6.5138666375126930E+04   2.4582887011310399E+02
   0.7350000000000000   6.4942846618935808E+04   2.4906642687294266E+02
   0.7450000000000000   6.5224167490898632E+04   2.5425560432471576E+02
   0.7550000000000000   6.5481401100580726E+04   2.6078386491703259E+02
   0.7650000000000000   6.5288142126540544E+04   2.6831871252125944E+02
   0.7750000000000000   6.5418373864203961E+04   2.7934122774674029E+02
   0.7850000000000000   6.5639988515811347E+04   2.9484701242914412E+02
   0.7950000000000000   6.5619975562733394E+04   3.1693045907585713E+02
   0.8050000000000000   6.5433223008970126E+04   3.5208004180123277E+02
   0.8149999999999999   6.5406459932517479E+04   4.1963389667011523E+02
   0.8250000000000000   4.6786386834898069E+04   4.6958427296644817E+02
   0.8350000000000000  0.0000000000000000E+000  0.0000000000000000E+000
   0.8450000000000000  0.0000000000000000E+000  0.0000000000000000E+000
   0.8550000000000000  0.0000000000000000E+000  0.0000000000000000E+000
   0.8650000000000000  0.0000000000000000E+000  0.0000000000000000E+000
   0.8750000000000000  0.0000000000000000E+000  0.0000000000000000E+000
   0.8850000000000000  0.0000000000000000E+000  0.0000000000000000E+000
   0.8950000000000000  0.0000000000000000E+000  0.0000000000000000E+000
   0.9050000000000000  0.0000000000000000E+000  0.0000000000000000E+000
   0.9150000000000000  0.0000000000000000E+000  0.0000000000000000E+000
   0.9250000000000000  0.0000000000000000E+000  0.0000000000000000E+000
   0.9350000000000001  0.0000000000000000E+000  0.0000000000000000E+000
   0.9450000000000000  0.0000000000000000E+000  0.0000000000000000E+000
   0.9550000000000000  0.0000000000000000E+000  0.0000000000000000E+000
   0.9650000000000000  0.0000000000000000E+000  0.0000000000000000E+000
   0.9750000000000000  0.0000000000000000E+000  0.0000000000000000E+000
   0.9850000000000000  0.0000000000000000E+000  0.0000000000000000E+000
   0.9950000000000000  0.0000000000000000E+000  0.0000000000000000E+000
