   5.0000000000000001E-03   5.4557000000000000E+04   2.3357439928211312E+02
   1.4999999999999999E-02   5.5156000000000000E+04   2.3485314560380067E+02
   2.5000000000000001E-02   5.5430000000000000E+04   2.3543576618687314E+02
   3.5000000000000003E-02   5.5866000000000000E+04   2.3635989507528555E+02
   4.4999999999999998E-02   5.5926000000000000E+04   2.3648678610019630E+02
   5.5000000000000000E-02   5.5984000000000000E+04   2.3660938273872404E+02
   6.5000000000000002E-02   5.7055000000000000E+04   2.3886188477863101E+02
   7.4999999999999997E-02   5.7380000000000000E+04   2.3954122818421050E+02
   8.5000000000000006E-02   5.7604000000000000E+04   2.4000833318866242E+02
   9.5000000000000001E-02   5.7721000000000000E+04   2.4025195108468944E+02
   0.1050000000000000   5.8270000000000000E+04   2.4139179770655008E+02
   0.1150000000000000   5.8054000000000000E+04   2.4094397689089470E+02
   0.1250000000000000   5.8971000000000000E+04   2.4283945313725280E+02
   0.1350000000000000   5.8665000000000000E+04   2.4220858779159752E+02
   0.1450000000000000   5.9516000000000000E+04   2.4395901295094635E+02
   0.1550000000000000   6.0012000000000000E+04   2.4497346795112324E+02
   0.1650000000000000   6.0290000000000000E+04   2.4554022073786609E+02
   0.1750000000000000   6.0839000000000000E+04   2.4665563038373966E+02
   0.1850000000000000   6.1175000000000000E+04   2.4733580412063273E+02
   0.1950000000000000   6.1174000000000000E+04   2.4733378256922364E+02
   0.2050000000000000   6.1943000000000000E+04   2.4888350688625391E+02
   0.2150000000000000   6.2379000000000000E+04   2.4975788275848271E+02
   0.2250000000000000   6.2843000000000000E+04   2.5068506138180632E+02
   0.2350000000000000   6.3087000000000000E+04   2.5117125631727848E+02
   0.2450000000000000   6.3516000000000000E+04   2.5202380839912723E+02
   0.2550000000000000   6.3454000000000000E+04   2.5190077411552352E+02
   0.2650000000000000   6.4113000000000000E+04   2.5320545017830875E+02
   0.2750000000000000   6.4449000000000000E+04   2.5386807597648036E+02
   0.2850000000000000   6.4582000000000000E+04   2.5412988804939886E+02
   0.2950000000000000   6.5441000000000000E+04   2.5581438583472979E+02
   0.3050000000000000   6.6454000000000000E+04   2.5778673356090303E+02
   0.3150000000000000   6.6243000000000000E+04   2.5737715516339051E+02
   0.3250000000000000   6.6680000000000000E+04   2.5822470834527047E+02
   0.3350000000000000   6.7003000000000000E+04   2.5884937705159734E+02
   0.3450000000000000   6.7632000000000000E+04   2.6006153118060348E+02
   0.3550000000000000   6.8037000000000000E+04   2.6083903082169280E+02
   0.3650000000000000   6.8048000000000000E+04   2.6086011577088590E+02
   0.3750000000000000   6.9100000000000000E+04   2.6286878856189833E+02
   0.3850000000000000   6.9018000000000000E+04   2.6271277091150330E+02
   0.3950000000000000   6.9721000000000000E+04   2.6404734423962685E+02
   0.4050000000000000   6.9865000000000000E+04   2.6431988196123274E+02
   0.4150000000000000   7.0357000000000000E+04   2.6524893967742833E+02
   0.4250000000000000   7.0661000000000000E+04   2.6582136859176688E+02
   0.4350000000000000   7.1078000000000000E+04   2.6660457610476232E+02
   0.4450000000000000   7.2048000000000000E+04   2.6841758511692188E+02
   0.4550000000000000   7.2340000000000000E+04   2.6896096371034963E+02
   0.4650000000000000   7.3249000000000000E+04   2.7064552462584709E+02
   0.4750000000000000   7.3261000000000000E+04   2.7066769293729902E+02
   0.4850000000000000   7.3621000000000000E+04   2.7133190007811464E+02
   0.4950000000000000   7.3665000000000000E+04   2.7141296947640507E+02
   0.5050000000000000   7.4127000000000000E+04   2.7226274074871134E+02
   0.5150000000000000   7.4863000000000000E+04   2.7361103778904828E+02
   0.5250000000000000   7.4498000000000000E+04   2.7294321753800733E+02
   0.5350000000000000   7.5631000000000000E+04   2.7501090887453898E+02
   0.5450000000000000   7.6008000000000000E+04   2.7569548418499710E+02
   0.5550000000000000   7.6243000000000000E+04   2.7612135013432049E+02
   0.5649999999999999   7.6035000000000000E+04   2.7574444690691416E+02
   0.5750000000000000   7.6303000000000000E+04   2.7622997664989219E+02
   0.5850000000000000   7.6818000000000000E+04   2.7716060326099739E+02
   0.5950000000000000   7.7402000000000000E+04   2.7821214926742505E+02
   0.6050000000000000   7.7839000000000000E+04   2.7899641574758624E+02
   0.6150000000000000   7.7237000000000000E+04   2.7791545476997135E+02
   0.6250000000000000   7.7246000000000000E+04   2.7793164627296403E+02
   0.6350000000000000   7.6458000000000000E+04   2.7651039763451934E+02
   0.6450000000000000   7.7353000000000000E+04   2.7812407303216310E+02
   0.6550000000000000   7.7125000000000000E+04   2.7771388153997634E+02
   0.6650000000000000   7.6399000000000000E+04   2.7640369027927250E+02
   0.6750000000000000   7.6528000000000000E+04   2.7663694619482771E+02
   0.6850000000000001   7.5096000000000000E+04   2.7403649392006167E+02
   0.6950000000000000   7.4031000000000000E+04   2.7208638334176152E+02
   0.7050000000000000   7.3668000000000000E+04   2.7141849605360352E+02
   0.7150000000000000   7.1719000000000000E+04   2.6780403282997810E+02
   0.7250000000000000   7.0216000000000000E+04   2.6498301832381634E+02
   0.7350000000000000   6.7994000000000000E+04   2.6075659147948687E+02
   0.7450000000000000   6.5817000000000000E+04   2.5654824107757980E+02
   0.7550000000000000   6.3063000000000000E+04   2.5112347560512936E+02
   0.7650000000000000   5.9229000000000000E+04   2.4337008854828483E+02
   0.7750000000000000   5.4881000000000000E+04   2.3426694175662087E+02
   0.7850000000000000   4.9622000000000000E+04   2.2275996049559714E+02
   0.7950000000000000   4.2974000000000000E+04   2.0730171248689675E+02
   0.8050000000000000   3.4734000000000000E+04   1.8637059853957652E+02
   0.8149999999999999   2.4717000000000000E+04   1.5721641135708447E+02
   0.8250000000000000   1.0316000000000000E+04   1.0156771140475698E+02
   0.8350000000000000  0.0000000000000000E+000  0.0000000000000000E+000
   0.8450000000000000  0.0000000000000000E+000  0.0000000000000000E+000
   0.8550000000000000  0.0000000000000000E+000  0.0000000000000000E+000
   0.8650000000000000  0.0000000000000000E+000  0.0000000000000000E+000
   0.8750000000000000  0.0000000000000000E+000  0.0000000000000000E+000
   0.8850000000000000  0.0000000000000000E+000  0.0000000000000000E+000
   0.8950000000000000  0.0000000000000000E+000  0.0000000000000000E+000
   0.9050000000000000  0.0000000000000000E+000  0.0000000000000000E+000
   0.9150000000000000  0.0000000000000000E+000  0.0000000000000000E+000
   0.9250000000000000  0.0000000000000000E+000  0.0000000000000000E+000
   0.9350000000000001  0.0000000000000000E+000  0.0000000000000000E+000
   0.9450000000000000  0.0000000000000000E+000  0.0000000000000000E+000
   0.9550000000000000  0.0000000000000000E+000  0.0000000000000000E+000
   0.9650000000000000  0.0000000000000000E+000  0.0000000000000000E+000
   0.9750000000000000  0.0000000000000000E+000  0.0000000000000000E+000
   0.9850000000000000  0.0000000000000000E+000  0.0000000000000000E+000
   0.9950000000000000  0.0000000000000000E+000  0.0000000000000000E+000
