   5.0000000000000001E-03   1.0886900000000000E+05   3.2995302695989926E+02
   1.4999999999999999E-02   1.0861600000000000E+05   3.2956941605676946E+02
   2.5000000000000001E-02   1.0806300000000000E+05   3.2872937197640249E+02
   3.5000000000000003E-02   1.0757900000000000E+05   3.2799237796022027E+02
   4.4999999999999998E-02   1.0702100000000000E+05   3.2714064253773176E+02
   5.5000000000000000E-02   1.0617200000000000E+05   3.2584045175514962E+02
   6.5000000000000002E-02   1.0688800000000000E+05   3.2693730285790269E+02
   7.4999999999999997E-02   1.0639100000000000E+05   3.2617633267912004E+02
   8.5000000000000006E-02   1.0552900000000000E+05   3.2485227411855993E+02
   9.5000000000000001E-02   1.0503000000000000E+05   3.2408332261935357E+02
   0.1050000000000000   1.0461900000000000E+05   3.2344860488182661E+02
   0.1150000000000000   1.0352100000000000E+05   3.2174679485583067E+02
   0.1250000000000000   1.0429100000000000E+05   3.2294117111325397E+02
   0.1350000000000000   1.0295300000000000E+05   3.2086289907061553E+02
   0.1450000000000000   1.0303700000000000E+05   3.2099376940993733E+02
   0.1550000000000000   1.0292100000000000E+05   3.2081302966057973E+02
   0.1650000000000000   1.0252800000000000E+05   3.2019993753903202E+02
   0.1750000000000000   1.0224300000000000E+05   3.1975459339937555E+02
   0.1850000000000000   1.0159600000000000E+05   3.1874127439037449E+02
   0.1950000000000000   1.0121000000000000E+05   3.1813519138881821E+02
   0.2050000000000000   1.0076400000000000E+05   3.1743345759387114E+02
   0.2150000000000000   1.0082100000000000E+05   3.1752322749682423E+02
   0.2250000000000000   1.0064500000000000E+05   3.1724596136121261E+02
   0.2350000000000000   1.0032400000000000E+05   3.1673964071457806E+02
   0.2450000000000000   9.9963000000000000E+04   3.1616925846767583E+02
   0.2550000000000000   9.9213000000000000E+04   3.1498095180502582E+02
   0.2650000000000000   9.9265000000000000E+04   3.1506348566598444E+02
   0.2750000000000000   9.9194000000000000E+04   3.1495078980691574E+02
   0.2850000000000000   9.8230000000000000E+04   3.1341665558805261E+02
   0.2950000000000000   9.8357000000000000E+04   3.1361919584107090E+02
   0.3050000000000000   9.8681000000000000E+04   3.1413532115952830E+02
   0.3150000000000000   9.8182000000000000E+04   3.1334007084954840E+02
   0.3250000000000000   9.8296000000000000E+04   3.1352192905760199E+02
   0.3350000000000000   9.7677000000000000E+04   3.1253319823660331E+02
   0.3450000000000000   9.8029000000000000E+04   3.1309583197481248E+02
   0.3550000000000000   9.7605000000000000E+04   3.1241798923877604E+02
   0.3650000000000000   9.7051000000000000E+04   3.1153009485441373E+02
   0.3750000000000000   9.7775000000000000E+04   3.1268994227509143E+02
   0.3850000000000000   9.7469000000000000E+04   3.1220025624589101E+02
   0.3950000000000000   9.7567000000000000E+04   3.1235716735813827E+02
   0.4050000000000000   9.7763000000000000E+04   3.1267075334926994E+02
   0.4150000000000000   9.7883000000000000E+04   3.1286258964599779E+02
   0.4250000000000000   9.7766000000000000E+04   3.1267555069112774E+02
   0.4350000000000000   9.7794000000000000E+04   3.1272032233291139E+02
   0.4450000000000000   9.8507000000000000E+04   3.1385824825866854E+02
   0.4550000000000000   9.8975000000000000E+04   3.1460292433478747E+02
   0.4650000000000000   9.9899000000000000E+04   3.1606803065163047E+02
   0.4750000000000000   9.9293000000000000E+04   3.1510791802174697E+02
   0.4850000000000000   9.9961000000000000E+04   3.1616609558901155E+02
   0.4950000000000000   9.9748000000000000E+04   3.1582906769326979E+02
   0.5050000000000000   1.0032500000000000E+05   3.1674121929423711E+02
   0.5150000000000000   1.0187100000000000E+05   3.1917236722498393E+02
   0.5250000000000000   1.0155400000000000E+05   3.1867538342332000E+02
   0.5350000000000000   1.0330600000000000E+05   3.2141250753509888E+02
   0.5450000000000000   1.0399300000000000E+05   3.2247945671003600E+02
   0.5550000000000000   1.0498800000000000E+05   3.2401851798932728E+02
   0.5649999999999999   1.0551600000000000E+05   3.2483226440733995E+02
   0.5750000000000000   1.0706500000000000E+05   3.2720788499056681E+02
   0.5850000000000000   1.0884300000000000E+05   3.2991362505965105E+02
   0.5950000000000000   1.1108500000000000E+05   3.3329416436535456E+02
   0.6050000000000000   1.1293100000000000E+05   3.3605207929724224E+02
   0.6150000000000000   1.1439600000000000E+05   3.3822477733010629E+02
   0.6250000000000000   1.1645800000000000E+05   3.4125943210408121E+02
   0.6350000000000000   1.1818000000000000E+05   3.4377318103656660E+02
   0.6450000000000000   1.2170300000000000E+05   3.4885957060112310E+02
   0.6550000000000000   1.2505600000000000E+05   3.5363257768480548E+02
   0.6650000000000000   1.2806600000000000E+05   3.5786310231707319E+02
   0.6750000000000000   1.3275600000000000E+05   3.6435696782139354E+02
   0.6850000000000001   1.3586500000000000E+05   3.6859869777306591E+02
   0.6950000000000000   1.4077700000000000E+05   3.7520261193120712E+02
   0.7050000000000000   1.4665000000000000E+05   3.8294908277733214E+02
   0.7150000000000000   1.5238200000000000E+05   3.9036137103970725E+02
   0.7250000000000000   1.5912900000000000E+05   3.9890976423246400E+02
   0.7350000000000000   1.6703100000000000E+05   4.0869426225480584E+02
   0.7450000000000000   1.7592900000000000E+05   4.1943891092744366E+02
   0.7550000000000000   1.8533200000000000E+05   4.3050203251552716E+02
   0.7650000000000000   1.9744200000000000E+05   4.4434446097594150E+02
   0.7750000000000000   2.1060700000000000E+05   4.5891938289856529E+02
   0.7850000000000000   2.2652700000000000E+05   4.7594852662866811E+02
   0.7950000000000000   2.4349500000000000E+05   4.9345212533740295E+02
   0.8050000000000000   2.6460400000000000E+05   5.1439673404873008E+02
   0.8149999999999999   2.8877400000000000E+05   5.3737696266215210E+02
   0.8250000000000000   2.2559100000000000E+05   4.7496420917791266E+02
   0.8350000000000000  0.0000000000000000E+000  0.0000000000000000E+000
   0.8450000000000000  0.0000000000000000E+000  0.0000000000000000E+000
   0.8550000000000000  0.0000000000000000E+000  0.0000000000000000E+000
   0.8650000000000000  0.0000000000000000E+000  0.0000000000000000E+000
   0.8750000000000000  0.0000000000000000E+000  0.0000000000000000E+000
   0.8850000000000000  0.0000000000000000E+000  0.0000000000000000E+000
   0.8950000000000000  0.0000000000000000E+000  0.0000000000000000E+000
   0.9050000000000000  0.0000000000000000E+000  0.0000000000000000E+000
   0.9150000000000000  0.0000000000000000E+000  0.0000000000000000E+000
   0.9250000000000000  0.0000000000000000E+000  0.0000000000000000E+000
   0.9350000000000001  0.0000000000000000E+000  0.0000000000000000E+000
   0.9450000000000000  0.0000000000000000E+000  0.0000000000000000E+000
   0.9550000000000000  0.0000000000000000E+000  0.0000000000000000E+000
   0.9650000000000000  0.0000000000000000E+000  0.0000000000000000E+000
   0.9750000000000000  0.0000000000000000E+000  0.0000000000000000E+000
   0.9850000000000000  0.0000000000000000E+000  0.0000000000000000E+000
   0.9950000000000000  0.0000000000000000E+000  0.0000000000000000E+000
