   5.0000000000000001E-03   1.3056240191530217E+05   3.9570025348293700E+02
   1.4999999999999999E-02   1.3080132705838689E+05   3.9688579851097222E+02
   2.5000000000000001E-02   1.3067566889986396E+05   3.9751775425662299E+02
   3.5000000000000003E-02   1.3062782594175519E+05   3.9826510182088606E+02
   4.4999999999999998E-02   1.3048381011509460E+05   3.9886178653221180E+02
   5.5000000000000000E-02   1.2997681658578356E+05   3.9889739061465093E+02
   6.5000000000000002E-02   1.3138277645301190E+05   4.0185951239072398E+02
   7.4999999999999997E-02   1.3129731894212781E+05   4.0253504992482857E+02
   8.5000000000000006E-02   1.3075289163504171E+05   4.0249980557461896E+02
   9.5000000000000001E-02   1.3064874698683369E+05   4.0313345863582163E+02
   0.1050000000000000   1.3064525632054193E+05   4.0391374799826758E+02
   0.1150000000000000   1.2977473418801307E+05   4.0334454264076919E+02
   0.1250000000000000   1.3123846317811805E+05   4.0638528964310410E+02
   0.1350000000000000   1.3004357715572639E+05   4.0529351516416853E+02
   0.1450000000000000   1.3063191634457620E+05   4.0696113891089857E+02
   0.1550000000000000   1.3096193784350043E+05   4.0821910867492784E+02
   0.1650000000000000   1.3092956867150837E+05   4.0889963561749948E+02
   0.1750000000000000   1.3102555006571718E+05   4.0976930090884071E+02
   0.1850000000000000   1.3064500621033178E+05   4.0987810244539310E+02
   0.1950000000000000   1.3058667234236837E+05   4.1047559669176246E+02
   0.2050000000000000   1.3043801400454050E+05   4.1091468926065761E+02
   0.2150000000000000   1.3092830589871545E+05   4.1234262071346774E+02
   0.2250000000000000   1.3110339338405980E+05   4.1325488628713509E+02
   0.2350000000000000   1.3107596326489261E+05   4.1382887805645288E+02
   0.2450000000000000   1.3097814716771657E+05   4.1426605139262472E+02
   0.2550000000000000   1.3035353528320092E+05   4.1384589617331147E+02
   0.2650000000000000   1.3076251929008239E+05   4.1503557345834452E+02
   0.2750000000000000   1.3099352150150761E+05   4.1591752508654969E+02
   0.2850000000000000   1.3002176922356951E+05   4.1485286187957860E+02
   0.2950000000000000   1.3047173547489171E+05   4.1601968480406202E+02
   0.3050000000000000   1.3116274855924328E+05   4.1753588159120551E+02
   0.3150000000000000   1.3073521109224086E+05   4.1723111466204602E+02
   0.3250000000000000   1.3109770192848606E+05   4.1814527852428444E+02
   0.3350000000000000   1.3045461377571810E+05   4.1741044961748116E+02
   0.3450000000000000   1.3107762214943030E+05   4.1865018558201092E+02
   0.3550000000000000   1.3063176635192036E+05   4.1813139560233907E+02
   0.3650000000000000   1.2997671254007955E+05   4.1722041051520284E+02
   0.3750000000000000   1.3099683929056462E+05   4.1893525150514478E+02
   0.3850000000000000   1.3059813439913231E+05   4.1831526984026272E+02
   0.3950000000000000   1.3069866333565451E+05   4.1842697363327602E+02
   0.4050000000000000   1.3088539500580968E+05   4.1860454412851169E+02
   0.4150000000000000   1.3092179556029029E+05   4.1846423004669066E+02
   0.4250000000000000   1.3058941129934903E+05   4.1765153729199267E+02
   0.4350000000000000   1.3039617483218930E+05   4.1697384811827760E+02
   0.4450000000000000   1.3105518203598441E+05   4.1756180023927129E+02
   0.4550000000000000   1.3132137166325998E+05   4.1741957733028579E+02
   0.4650000000000000   1.3211886980408221E+05   4.1800791177500622E+02
   0.4750000000000000   1.3082068427383911E+05   4.1516181776328744E+02
   0.4850000000000000   1.3112307847263696E+05   4.1472884759381679E+02
   0.4950000000000000   1.3018600855326006E+05   4.1220451059121166E+02
   0.5050000000000000   1.3019018616025434E+05   4.1103077286905403E+02
   0.5150000000000000   1.3134090459475209E+05   4.1150543223850605E+02
   0.5250000000000000   1.2998393309400215E+05   4.0788922229655924E+02
   0.5350000000000000   1.3115466819449328E+05   4.0805839451780218E+02
   0.5450000000000000   1.3083656224560665E+05   4.0572215341315081E+02
   0.5550000000000000   1.3076952054005317E+05   4.0358844953844209E+02
   0.5649999999999999   1.2997416180386068E+05   4.0012927555902610E+02
   0.5750000000000000   1.3027463528143980E+05   3.9814299710339287E+02
   0.5850000000000000   1.3067052353954720E+05   3.9607821044465754E+02
   0.5950000000000000   1.3140626761620524E+05   3.9426907022168717E+02
   0.6050000000000000   1.3144397207467782E+05   3.9114635052336234E+02
   0.6150000000000000   1.3080421175068655E+05   3.8674304027296273E+02
   0.6250000000000000   1.3061482790622594E+05   3.8275000256158165E+02
   0.6350000000000000   1.2978017485403868E+05   3.7752446635306643E+02
   0.6450000000000000   1.3061808033917990E+05   3.7442341391006573E+02
   0.6550000000000000   1.3090663780107432E+05   3.7018741926844501E+02
   0.6650000000000000   1.3046816662559613E+05   3.6458777301523486E+02
   0.6750000000000000   1.3131395246881127E+05   3.6041333648109719E+02
   0.6850000000000001   1.3015781051490029E+05   3.5313144769850339E+02
   0.6950000000000000   1.3027939528390065E+05   3.4724293231892545E+02
   0.7050000000000000   1.3071299637987971E+05   3.4135427625996510E+02
   0.7150000000000000   1.3040981681433710E+05   3.3409941482511914E+02
   0.7250000000000000   1.3034011831545382E+05   3.2676918945712708E+02
   0.7350000000000000   1.3045458549204655E+05   3.1923085939287779E+02
   0.7450000000000000   1.3051303788536867E+05   3.1119805167353707E+02
   0.7550000000000000   1.3006314313384095E+05   3.0216157872980432E+02
   0.7650000000000000   1.3050340469030238E+05   2.9374632537777097E+02
   0.7750000000000000   1.3047365330702443E+05   2.8436003139231065E+02
   0.7850000000000000   1.3083296875295366E+05   2.7494955317995880E+02
   0.7950000000000000   1.3038794875319448E+05   2.6430445776433953E+02
   0.8050000000000000   1.3055102961254210E+05   2.5387080926070919E+02
   0.8149999999999999   1.3039727105664545E+05   2.4274081530535673E+02
   0.8250000000000000   9.3879201726965432E+04   1.9769667687579030E+02
   0.8350000000000000  0.0000000000000000E+000  0.0000000000000000E+000
   0.8450000000000000  0.0000000000000000E+000  0.0000000000000000E+000
   0.8550000000000000  0.0000000000000000E+000  0.0000000000000000E+000
   0.8650000000000000  0.0000000000000000E+000  0.0000000000000000E+000
   0.8750000000000000  0.0000000000000000E+000  0.0000000000000000E+000
   0.8850000000000000  0.0000000000000000E+000  0.0000000000000000E+000
   0.8950000000000000  0.0000000000000000E+000  0.0000000000000000E+000
   0.9050000000000000  0.0000000000000000E+000  0.0000000000000000E+000
   0.9150000000000000  0.0000000000000000E+000  0.0000000000000000E+000
   0.9250000000000000  0.0000000000000000E+000  0.0000000000000000E+000
   0.9350000000000001  0.0000000000000000E+000  0.0000000000000000E+000
   0.9450000000000000  0.0000000000000000E+000  0.0000000000000000E+000
   0.9550000000000000  0.0000000000000000E+000  0.0000000000000000E+000
   0.9650000000000000  0.0000000000000000E+000  0.0000000000000000E+000
   0.9750000000000000  0.0000000000000000E+000  0.0000000000000000E+000
   0.9850000000000000  0.0000000000000000E+000  0.0000000000000000E+000
   0.9950000000000000  0.0000000000000000E+000  0.0000000000000000E+000
