  0.0000000000000000E+000   0.8355872000000000
   1.0000000000000000E-03   0.8356891936533617
   2.0000000000000000E-03   0.8357914940544505
   3.0000000000000001E-03   0.8358941024345663
   4.0000000000000001E-03   0.8359970200311934
   5.0000000000000001E-03   0.8361002480880376
   6.0000000000000001E-03   0.8362037878550641
   7.0000000000000001E-03   0.8363076405885351
   8.0000000000000002E-03   0.8364118075510479
   8.9999999999999993E-03   0.8365162900115733
   1.0000000000000000E-02   0.8366210892454944
   1.0999999999999999E-02   0.8367262065346454
   1.2000000000000000E-02   0.8368316431673505
   1.2999999999999999E-02   0.8369374004384641
   1.4000000000000000E-02   0.8370434796494099
   1.4999999999999999E-02   0.8371498821082212
   1.6000000000000000E-02   0.8372566091295811
   1.7000000000000001E-02   0.8373636620348633
   1.7999999999999999E-02   0.8374710421521731
   1.9000000000000000E-02   0.8375787508163878
   2.0000000000000000E-02   0.8376867893691993
   2.1000000000000001E-02   0.8377951591591550
   2.1999999999999999E-02   0.8379038615417008
   2.3000000000000000E-02   0.8380128978792224
   2.4000000000000000E-02   0.8381222695410885
   2.5000000000000001E-02   0.8382319779036940
   2.5999999999999999E-02   0.8383420243505032
   2.7000000000000000E-02   0.8384524102720932
   2.8000000000000001E-02   0.8385631370661977
   2.9000000000000001E-02   0.8386742061377520
   2.9999999999999999E-02   0.8387856188989367
   3.1000000000000000E-02   0.8388973767692229
   3.2000000000000001E-02   0.8390094811754180
   3.3000000000000002E-02   0.8391219335517101
   3.4000000000000002E-02   0.8392347353397146
   3.5000000000000003E-02   0.8393478879885206
   3.5999999999999997E-02   0.8394613929547367
   3.6999999999999998E-02   0.8395752517025385
   3.7999999999999999E-02   0.8396894657037158
   3.9000000000000000E-02   0.8398040364377197
   4.0000000000000001E-02   0.8399189653917108
   4.1000000000000002E-02   0.8400342540606076
   4.2000000000000003E-02   0.8401499039471348
   4.2999999999999997E-02   0.8402659165618726
   4.3999999999999997E-02   0.8403822934233056
   4.4999999999999998E-02   0.8404990360578730
   4.5999999999999999E-02   0.8406161460000183
   4.7000000000000000E-02   0.8407336247922397
   4.8000000000000001E-02   0.8408514739851413
   4.9000000000000002E-02   0.8409696951374835
   5.0000000000000003E-02   0.8410882898162357
   5.0999999999999997E-02   0.8412072595966269
   5.1999999999999998E-02   0.8413266060621989
   5.2999999999999999E-02   0.8414463308048589
   5.3999999999999999E-02   0.8415664354249320
   5.5000000000000000E-02   0.8416869215312158
   5.6000000000000001E-02   0.8418077907410328
   5.7000000000000002E-02   0.8419290446802861
   5.8000000000000003E-02   0.8420506849835130
   5.8999999999999997E-02   0.8421727132939407
   5.9999999999999998E-02   0.8422951312635416
   6.0999999999999999E-02   0.8424179405530894
   6.2000000000000000E-02   0.8425411428322148
   6.3000000000000000E-02   0.8426647397794632
   6.4000000000000001E-02   0.8427887330823511
   6.5000000000000002E-02   0.8429131244374241
   6.6000000000000003E-02   0.8430379155503145
   6.7000000000000004E-02   0.8431631081358005
   6.8000000000000005E-02   0.8432887039178647
   6.9000000000000006E-02   0.8434147046297529
   7.0000000000000007E-02   0.8435411120140349
   7.0999999999999994E-02   0.8436679278226642
   7.1999999999999995E-02   0.8437951538170388
   7.2999999999999995E-02   0.8439227917680623
   7.3999999999999996E-02   0.8440508434562054
   7.4999999999999997E-02   0.8441793106715685
   7.5999999999999998E-02   0.8443081952139437
   7.6999999999999999E-02   0.8444374988928781
   7.8000000000000000E-02   0.8445672235277375
   7.9000000000000001E-02   0.8446973709477699
   8.0000000000000002E-02   0.8448279429921702
   8.1000000000000003E-02   0.8449589415101457
   8.2000000000000003E-02   0.8450903683609806
   8.3000000000000004E-02   0.8452222254141027
   8.4000000000000005E-02   0.8453545145491499
   8.5000000000000006E-02   0.8454872376560366
   8.5999999999999993E-02   0.8456203966350216
   8.6999999999999994E-02   0.8457539933967763
   8.7999999999999995E-02   0.8458880298624527
   8.8999999999999996E-02   0.8460225079637532
   8.9999999999999997E-02   0.8461574296429993
   9.0999999999999998E-02   0.8462927968532026
   9.1999999999999998E-02   0.8464286115581348
   9.2999999999999999E-02   0.8465648757323992
   9.4000000000000000E-02   0.8467015913615030
   9.5000000000000001E-02   0.8468387604419284
   9.6000000000000002E-02   0.8469763849812066
   9.7000000000000003E-02   0.8471144669979909
   9.8000000000000004E-02   0.8472530085221303
   9.9000000000000005E-02   0.8473920115947449
   0.1000000000000000   0.8475314782683003
   0.1010000000000000   0.8476714106066841
   0.1020000000000000   0.8478118106852814
   0.1030000000000000   0.8479526805910527
   0.1040000000000000   0.8480940224226106
   0.1050000000000000   0.8482358382902985
   0.1060000000000000   0.8483781303162692
   0.1070000000000000   0.8485209006345644
   0.1080000000000000   0.8486641513911946
   0.1090000000000000   0.8488078847442194
   0.1100000000000000   0.8489521028638297
   0.1110000000000000   0.8490968079324287
   0.1120000000000000   0.8492420021447149
   0.1130000000000000   0.8493876877077652
   0.1140000000000000   0.8495338668411190
   0.1150000000000000   0.8496805417768623
   0.1160000000000000   0.8498277147597132
   0.1170000000000000   0.8499753880471079
   0.1180000000000000   0.8501235639092870
   0.1190000000000000   0.8502722446293830
   0.1200000000000000   0.8504214325035079
   0.1210000000000000   0.8505711298408420
   0.1220000000000000   0.8507213389637237
   0.1230000000000000   0.8508720622077387
   0.1240000000000000   0.8510233019218119
   0.1250000000000000   0.8511750604682974
   0.1260000000000000   0.8513273402230725
   0.1270000000000000   0.8514801435756295
   0.1280000000000000   0.8516334729291697
   0.1290000000000000   0.8517873307006979
   0.1300000000000000   0.8519417193211180
   0.1310000000000000   0.8520966412353282
   0.1320000000000000   0.8522520989023192
   0.1330000000000000   0.8524080947952701
   0.1340000000000000   0.8525646314016478
   0.1350000000000000   0.8527217112233062
   0.1360000000000000   0.8528793367765853
   0.1370000000000000   0.8530375105924134
   0.1380000000000000   0.8531962352164071
   0.1390000000000000   0.8533555132089748
   0.1400000000000000   0.8535153471454199
   0.1410000000000000   0.8536757396160440
   0.1420000000000000   0.8538366932262532
   0.1430000000000000   0.8539982105966628
   0.1440000000000000   0.8541602943632043
   0.1450000000000000   0.8543229471772333
   0.1460000000000000   0.8544861717056375
   0.1470000000000000   0.8546499706309461
   0.1480000000000000   0.8548143466514401
   0.1490000000000000   0.8549793024812634
   0.1500000000000000   0.8551448408505351
   0.1510000000000000   0.8553109645054618
   0.1520000000000000   0.8554776762084521
   0.1530000000000000   0.8556449787382312
   0.1540000000000000   0.8558128748899567
   0.1550000000000000   0.8559813674753355
   0.1560000000000000   0.8561504593227413
   0.1570000000000000   0.8563201532773332
   0.1580000000000000   0.8564904522011761
   0.1590000000000000   0.8566613589733603
   0.1600000000000000   0.8568328764901240
   0.1610000000000000   0.8570050076649756
   0.1620000000000000   0.8571777554288177
   0.1630000000000000   0.8573511227300719
   0.1640000000000000   0.8575251125348040
   0.1650000000000000   0.8576997278268516
   0.1660000000000000   0.8578749716079517
   0.1670000000000000   0.8580508468978697
   0.1680000000000000   0.8582273567345295
   0.1690000000000000   0.8584045041741449
   0.1700000000000000   0.8585822922913514
   0.1710000000000000   0.8587607241793400
   0.1720000000000000   0.8589398029499921
   0.1730000000000000   0.8591195317340140
   0.1740000000000000   0.8592999136810751
   0.1750000000000000   0.8594809519599449
   0.1760000000000000   0.8596626497586327
   0.1770000000000000   0.8598450102845279
   0.1780000000000000   0.8600280367645410
   0.1790000000000000   0.8602117324452472
   0.1800000000000000   0.8603961005930297
   0.1810000000000000   0.8605811444942254
   0.1820000000000000   0.8607668674552710
   0.1830000000000000   0.8609532728028505
   0.1840000000000000   0.8611403638840450
   0.1850000000000000   0.8613281440664821
   0.1860000000000000   0.8615166167384878
   0.1870000000000000   0.8617057853092395
   0.1880000000000000   0.8618956532089196
   0.1890000000000000   0.8620862238888719
   0.1900000000000000   0.8622775008217576
   0.1910000000000000   0.8624694875017138
   0.1920000000000000   0.8626621874445134
   0.1930000000000000   0.8628556041877256
   0.1940000000000000   0.8630497412908782
   0.1950000000000000   0.8632446023356218
   0.1960000000000000   0.8634401909258952
   0.1970000000000000   0.8636365106880908
   0.1980000000000000   0.8638335652712240
   0.1990000000000000   0.8640313583471024
   0.2000000000000000   0.8642298936104965
   0.2010000000000000   0.8644291747793126
   0.2020000000000000   0.8646292055947664
   0.2030000000000000   0.8648299898215595
   0.2040000000000000   0.8650315312480553
   0.2050000000000000   0.8652338336864592
   0.2060000000000000   0.8654369009729973
   0.2070000000000000   0.8656407369680993
   0.2080000000000000   0.8658453455565817
   0.2090000000000000   0.8660507306478327
   0.2100000000000000   0.8662568961759993
   0.2110000000000000   0.8664638461001755
   0.2120000000000000   0.8666715844045922
   0.2130000000000000   0.8668801150988095
   0.2140000000000000   0.8670894422179093
   0.2150000000000000   0.8672995698226915
   0.2160000000000000   0.8675105019998703
   0.2170000000000000   0.8677222428622731
   0.2180000000000000   0.8679347965490407
   0.2190000000000000   0.8681481672258302
   0.2200000000000000   0.8683623590850185
   0.2210000000000000   0.8685773763459086
   0.2220000000000000   0.8687932232549371
   0.2230000000000000   0.8690099040858842
   0.2240000000000000   0.8692274231400851
   0.2250000000000000   0.8694457847466431
   0.2260000000000000   0.8696649932626459
   0.2270000000000000   0.8698850530733817
   0.2280000000000000   0.8701059685925600
   0.2290000000000000   0.8703277442625312
   0.2300000000000000   0.8705503845545118
   0.2310000000000000   0.8707738939688081
   0.2320000000000000   0.8709982770350448
   0.2330000000000000   0.8712235383123937
   0.2340000000000000   0.8714496823898059
   0.2350000000000000   0.8716767138862449
   0.2360000000000000   0.8719046374509232
   0.2370000000000000   0.8721334577635395
   0.2380000000000000   0.8723631795345196
   0.2390000000000000   0.8725938075052584
   0.2400000000000000   0.8728253464483648
   0.2410000000000000   0.8730578011679085
   0.2420000000000000   0.8732911764996691
   0.2430000000000000   0.8735254773113880
   0.2440000000000000   0.8737607085030212
   0.2450000000000000   0.8739968750069972
   0.2460000000000000   0.8742339817884739
   0.2470000000000000   0.8744720338456003
   0.2480000000000000   0.8747110362097804
   0.2490000000000000   0.8749509939459379
   0.2500000000000000   0.8751919121527854
   0.2510000000000000   0.8754337959630949
   0.2520000000000000   0.8756766505439716
   0.2530000000000000   0.8759204810971292
   0.2540000000000000   0.8761652928591689
   0.2550000000000000   0.8764110911018606
   0.2560000000000000   0.8766578811324262
   0.2570000000000000   0.8769056682938268
   0.2580000000000000   0.8771544579650512
   0.2590000000000000   0.8774042555614086
   0.2600000000000000   0.8776550665348223
   0.2610000000000000   0.8779068963741281
   0.2620000000000000   0.8781597506053741
   0.2630000000000000   0.8784136347921239
   0.2640000000000000   0.8786685545357626
   0.2650000000000000   0.8789245154758063
   0.2660000000000000   0.8791815232902130
   0.2670000000000000   0.8794395836956985
   0.2680000000000000   0.8796987024480537
   0.2690000000000000   0.8799588853424658
   0.2700000000000000   0.8802201382138419
   0.2710000000000000   0.8804824669371368
   0.2720000000000000   0.8807458774276831
   0.2730000000000000   0.8810103756415238
   0.2740000000000000   0.8812759675757508
   0.2750000000000000   0.8815426592688427
   0.2760000000000000   0.8818104568010098
   0.2770000000000000   0.8820793662945394
   0.2780000000000000   0.8823493939141469
   0.2790000000000000   0.8826205458673280
   0.2800000000000000   0.8828928284047158
   0.2810000000000000   0.8831662478204417
   0.2820000000000000   0.8834408104524981
   0.2830000000000000   0.8837165226831065
   0.2840000000000000   0.8839933909390879
   0.2850000000000000   0.8842714216922375
   0.2860000000000000   0.8845506214597032
   0.2870000000000000   0.8848309968043668
   0.2880000000000000   0.8851125543352305
   0.2890000000000000   0.8853953007078057
   0.2900000000000000   0.8856792426245066
   0.2910000000000000   0.8859643868350475
   0.2920000000000000   0.8862507401368438
   0.2930000000000000   0.8865383093754170
   0.2940000000000000   0.8868271014448041
   0.2950000000000000   0.8871171232879705
   0.2960000000000000   0.8874083818972276
   0.2970000000000000   0.8877008843146538
   0.2980000000000000   0.8879946376325207
   0.2990000000000000   0.8882896489937228
   0.3000000000000000   0.8885859255922113
   0.3010000000000000   0.8888834746734336
   0.3020000000000000   0.8891823035347756
   0.3030000000000000   0.8894824195260088
   0.3040000000000000   0.8897838300497433
   0.3050000000000000   0.8900865425618834
   0.3060000000000000   0.8903905645720888
   0.3070000000000000   0.8906959036442408
   0.3080000000000000   0.8910025673969124
   0.3090000000000000   0.8913105635038436
   0.3100000000000000   0.8916198996944215
   0.3110000000000000   0.8919305837541649
   0.3120000000000000   0.8922426235252151
   0.3130000000000000   0.8925560269068298
   0.3140000000000000   0.8928708018558833
   0.3150000000000000   0.8931869563873719
   0.3160000000000000   0.8935044985749236
   0.3170000000000000   0.8938234365513142
   0.3180000000000000   0.8941437785089872
   0.3190000000000000   0.8944655327005805
   0.3200000000000000   0.8947887074394577
   0.3210000000000000   0.8951133111002453
   0.3220000000000000   0.8954393521193750
   0.3230000000000000   0.8957668389956318
   0.3240000000000000   0.8960957802907084
   0.3250000000000000   0.8964261846297638
   0.3260000000000000   0.8967580607019898
   0.3270000000000000   0.8970914172611816
   0.3280000000000000   0.8974262631263152
   0.3290000000000000   0.8977626071821307
   0.3300000000000000   0.8981004583797220
   0.3310000000000000   0.8984398257371312
   0.3320000000000000   0.8987807183399522
   0.3330000000000000   0.8991231453419372
   0.3340000000000000   0.8994671159656119
   0.3350000000000000   0.8998126395028965
   0.3360000000000000   0.9001597253157331
   0.3370000000000000   0.9005083828367199
   0.3380000000000000   0.9008586215697520
   0.3390000000000000   0.9012104510906692
   0.3400000000000000   0.9015638810479105
   0.3410000000000000   0.9019189211631752
   0.3420000000000000   0.9022755812320923
   0.3430000000000000   0.9026338711248952
   0.3440000000000000   0.9029938007871056
   0.3450000000000000   0.9033553802402223
   0.3460000000000000   0.9037186195824204
   0.3470000000000000   0.9040835289892550
   0.3480000000000000   0.9044501187143749
   0.3490000000000000   0.9048183990902418
   0.3500000000000000   0.9051883805288595
   0.3510000000000000   0.9055600735225090
   0.3520000000000000   0.9059334886444927
   0.3530000000000000   0.9063086365498866
   0.3540000000000000   0.9066855279762996
   0.3550000000000000   0.9070641737446429
   0.3560000000000000   0.9074445847599057
   0.3570000000000000   0.9078267720119413
   0.3580000000000000   0.9082107465762598
   0.3590000000000000   0.9085965196148315
   0.3600000000000000   0.9089841023768974
   0.3610000000000000   0.9093735061997900
   0.3620000000000000   0.9097647425097614
   0.3630000000000000   0.9101578228228222
   0.3640000000000000   0.9105527587455892
   0.3650000000000000   0.9109495619761411
   0.3660000000000000   0.9113482443048860
   0.3670000000000000   0.9117488176154366
   0.3680000000000000   0.9121512938854955
   0.3690000000000000   0.9125556851877513
   0.3700000000000000   0.9129620036907835
   0.3710000000000000   0.9133702616599778
   0.3720000000000000   0.9137804714584522
   0.3730000000000000   0.9141926455479925
   0.3740000000000000   0.9146067964899991
   0.3750000000000000   0.9150229369464438
   0.3760000000000000   0.9154410796808380
   0.3770000000000000   0.9158612375592108
   0.3780000000000000   0.9162834235510993
   0.3790000000000000   0.9167076507305491
   0.3800000000000000   0.9171339322771266
   0.3810000000000000   0.9175622814769426
   0.3820000000000000   0.9179927117236880
   0.3830000000000000   0.9184252365196799
   0.3840000000000000   0.9188598694769212
   0.3850000000000000   0.9192966243181716
   0.3860000000000000   0.9197355148780302
   0.3870000000000000   0.9201765551040317
   0.3880000000000000   0.9206197590577543
   0.3890000000000000   0.9210651409159404
   0.3900000000000000   0.9215127149716303
   0.3910000000000000   0.9219624956353092
   0.3920000000000000   0.9224144974360667
   0.3930000000000000   0.9228687350227707
   0.3940000000000000   0.9233252231652537
   0.3950000000000000   0.9237839767555139
   0.3960000000000000   0.9242450108089297
   0.3970000000000000   0.9247083404654879
   0.3980000000000000   0.9251739809910274
   0.3990000000000000   0.9256419477784963
   0.4000000000000000   0.9261122563492237
   0.4010000000000000   0.9265849223542076
   0.4020000000000000   0.9270599615754164
   0.4030000000000000   0.9275373899271061
   0.4040000000000000   0.9280172234571537
   0.4050000000000000   0.9284994783484055
   0.4060000000000000   0.9289841709200417
   0.4070000000000000   0.9294713176289567
   0.4080000000000000   0.9299609350711564
   0.4090000000000000   0.9304530399831716
   0.4100000000000000   0.9309476492434879
   0.4110000000000000   0.9314447798739937
   0.4120000000000000   0.9319444490414438
   0.4130000000000000   0.9324466740589425
   0.4140000000000000   0.9329514723874425
   0.4150000000000000   0.9334588616372627
   0.4160000000000000   0.9339688595696245
   0.4170000000000000   0.9344814840982059
   0.4180000000000000   0.9349967532907144
   0.4190000000000000   0.9355146853704794
   0.4200000000000000   0.9360352987180632
   0.4210000000000000   0.9365586118728919
   0.4220000000000000   0.9370846435349057
   0.4230000000000000   0.9376134125662298
   0.4240000000000000   0.9381449379928651
   0.4250000000000000   0.9386792390063997
   0.4260000000000000   0.9392163349657414
   0.4270000000000000   0.9397562453988710
   0.4280000000000000   0.9402989900046178
   0.4290000000000000   0.9408445886544556
   0.4300000000000000   0.9413930613943229
   0.4310000000000000   0.9419444284464629
   0.4320000000000000   0.9424987102112881
   0.4330000000000000   0.9430559272692676
   0.4340000000000000   0.9436161003828371
   0.4350000000000000   0.9441792504983328
   0.4360000000000000   0.9447453987479506
   0.4370000000000000   0.9453145664517271
   0.4380000000000000   0.9458867751195479
   0.4390000000000000   0.9464620464531794
   0.4400000000000000   0.9470404023483268
   0.4410000000000000   0.9476218648967172
   0.4420000000000000   0.9482064563882097
   0.4430000000000000   0.9487941993129311
   0.4440000000000000   0.9493851163634394
   0.4450000000000000   0.9499792304369140
   0.4460000000000000   0.9505765646373739
   0.4470000000000000   0.9511771422779243
   0.4480000000000000   0.9517809868830300
   0.4490000000000000   0.9523881221908210
   0.4500000000000000   0.9529985721554239
   0.4510000000000000   0.9536123609493254
   0.4520000000000000   0.9542295129657651
   0.4530000000000000   0.9548500528211592
   0.4540000000000000   0.9554740053575552
   0.4550000000000000   0.9561013956451182
   0.4560000000000000   0.9567322489846493
   0.4570000000000000   0.9573665909101360
   0.4580000000000000   0.9580044471913367
   0.4590000000000000   0.9586458438363972
   0.4600000000000000   0.9592908070945025
   0.4610000000000000   0.9599393634585620
   0.4620000000000000   0.9605915396679304
   0.4630000000000000   0.9612473627111638
   0.4640000000000000   0.9619068598288121
   0.4650000000000000   0.9625700585162470
   0.4660000000000000   0.9632369865265286
   0.4670000000000000   0.9639076718733086
   0.4680000000000000   0.9645821428337723
   0.4690000000000000   0.9652604279516188
   0.4700000000000000   0.9659425560400812
   0.4710000000000000   0.9666285561849866
   0.4720000000000000   0.9673184577478566
   0.4730000000000000   0.9680122903690493
   0.4740000000000000   0.9687100839709428
   0.4750000000000000   0.9694118687611610
   0.4760000000000000   0.9701176752358439
   0.4770000000000000   0.9708275341829596
   0.4780000000000000   0.9715414766856624
   0.4790000000000000   0.9722595341256955
   0.4800000000000000   0.9729817381868395
   0.4810000000000000   0.9737081208584075
   0.4820000000000000   0.9744387144387875
   0.4830000000000000   0.9751735515390327
   0.4840000000000000   0.9759126650865012
   0.4850000000000000   0.9766560883285437
   0.4860000000000000   0.9774038548362433
   0.4870000000000000   0.9781559985082052
   0.4880000000000000   0.9789125535743989
   0.4890000000000000   0.9796735546000519
   0.4900000000000000   0.9804390364895991
   0.4910000000000000   0.9812090344906840
   0.4920000000000000   0.9819835841982171
   0.4930000000000000   0.9827627215584891
   0.4940000000000000   0.9835464828733422
   0.4950000000000000   0.9843349048043982
   0.4960000000000000   0.9851280243773458
   0.4970000000000000   0.9859258789862877
   0.4980000000000000   0.9867285063981488
   0.4990000000000000   0.9875359447571449
   0.5000000000000000   0.9883482325893150
   0.5010000000000000   0.9891654088071172
   0.5020000000000000   0.9899875127140887
   0.5030000000000000   0.9908145840095718
   0.5040000000000000   0.9916466627935068
   0.5050000000000000   0.9924837895712929
   0.5060000000000000   0.9933260052587173
   0.5070000000000000   0.9941733511869549
   0.5080000000000000   0.9950258691076397
   0.5090000000000000   0.9958836011980072
   0.5100000000000000   0.9967465900661120
   0.5110000000000000   0.9976148787561185
   0.5120000000000000   0.9984885107536690
   0.5130000000000000   0.9993675299913279
   0.5140000000000000   1.0002519808541059
   0.5150000000000000   1.0011419081850617
   0.5160000000000000   1.0020373572909871
   0.5170000000000000   1.0029383739481734
   0.5180000000000000   1.0038450044082619
   0.5190000000000000   1.0047572954041786
   0.5200000000000000   1.0056752941561586
   0.5210000000000000   1.0065990483778546
   0.5220000000000000   1.0075286062825377
   0.5230000000000000   1.0084640165893883
   0.5240000000000000   1.0094053285298803
   0.5250000000000000   1.0103525918542580
   0.5260000000000000   1.0113058568381108
   0.5270000000000000   1.0122651742890434
   0.5280000000000000   1.0132305955534466
   0.5290000000000000   1.0142021725233670
   0.5300000000000000   1.0151799576434817
   0.5310000000000000   1.0161640039181745
   0.5320000000000000   1.0171543649187196
   0.5330000000000000   1.0181510947905732
   0.5340000000000000   1.0191542482607738
   0.5350000000000000   1.0201638806454549
   0.5360000000000000   1.0211800478574704
   0.5370000000000000   1.0222028064141366
   0.5380000000000000   1.0232322134450900
   0.5390000000000000   1.0242683267002652
   0.5400000000000000   1.0253112045579962
   0.5410000000000000   1.0263609060332375
   0.5420000000000000   1.0274174907859150
   0.5430000000000000   1.0284810191294016
   0.5440000000000000   1.0295515520391263
   0.5450000000000000   1.0306291511613124
   0.5460000000000000   1.0317138788218541
   0.5470000000000000   1.0328057980353271
   0.5480000000000000   1.0339049725141418
   0.5490000000000000   1.0350114666778365
   0.5500000000000000   1.0361253456625166
   0.5510000000000000   1.0372466753304408
   0.5520000000000000   1.0383755222797573
   0.5530000000000000   1.0395119538543920
   0.5540000000000000   1.0406560381540932
   0.5550000000000000   1.0418078440446341
   0.5560000000000000   1.0429674411681746
   0.5570000000000001   1.0441348999537909
   0.5580000000000001   1.0453102916281678
   0.5590000000000001   1.0464936882264635
   0.5600000000000001   1.0476851626033465
   0.5610000000000001   1.0488847884442098
   0.5620000000000001   1.0500926402765625
   0.5629999999999999   1.0513087934816054
   0.5639999999999999   1.0525333243059938
   0.5649999999999999   1.0537663098737866
   0.5659999999999999   1.0550078281985920
   0.5669999999999999   1.0562579581959064
   0.5679999999999999   1.0575167796956566
   0.5690000000000000   1.0587843734549434
   0.5700000000000000   1.0600608211709945
   0.5710000000000000   1.0613462054943281
   0.5720000000000000   1.0626406100421324
   0.5730000000000000   1.0639441194118651
   0.5740000000000000   1.0652568191950753
   0.5750000000000000   1.0665787959914557
   0.5760000000000000   1.0679101374231235
   0.5770000000000000   1.0692509321491419
   0.5780000000000000   1.0706012698802803
   0.5790000000000000   1.0719612413940194
   0.5800000000000000   1.0733309385498107
   0.5810000000000000   1.0747104543045860
   0.5820000000000000   1.0760998827285311
   0.5830000000000000   1.0774993190211219
   0.5840000000000000   1.0789088595274334
   0.5850000000000000   1.0803286017547205
   0.5860000000000000   1.0817586443892833
   0.5870000000000000   1.0831990873136152
   0.5880000000000000   1.0846500316238459
   0.5890000000000000   1.0861115796474790
   0.5900000000000000   1.0875838349614340
   0.5910000000000000   1.0890669024103989
   0.5920000000000000   1.0905608881254951
   0.5930000000000000   1.0920658995432664
   0.5940000000000000   1.0935820454249936
   0.5950000000000000   1.0951094358763453
   0.5960000000000000   1.0966481823673688
   0.5970000000000000   1.0981983977528276
   0.5980000000000000   1.0997601962928958
   0.5990000000000000   1.1013336936742113
   0.6000000000000000   1.1029190070313013
   0.6010000000000000   1.1045162549683807
   0.6020000000000000   1.1061255575815365
   0.6030000000000000   1.1077470364813042
   0.6040000000000000   1.1093808148156417
   0.6050000000000000   1.1110270172933123
   0.6060000000000000   1.1126857702076840
   0.6070000000000000   1.1143572014609524
   0.6080000000000000   1.1160414405887966
   0.6090000000000000   1.1177386187854779
   0.6100000000000000   1.1194488689293891
   0.6110000000000000   1.1211723256090635
   0.6120000000000000   1.1229091251496555
   0.6130000000000000   1.1246594056398986
   0.6140000000000000   1.1264233069595548
   0.6150000000000000   1.1282009708073624
   0.6160000000000000   1.1299925407294944
   0.6170000000000000   1.1317981621485387
   0.6180000000000000   1.1336179823930079
   0.6190000000000000   1.1354521507273934
   0.6200000000000000   1.1373008183827746
   0.6210000000000000   1.1391641385879918
   0.6220000000000000   1.1410422666014002
   0.6230000000000000   1.1429353597432106
   0.6240000000000000   1.1448435774284369
   0.6250000000000000   1.1467670812004567
   0.6260000000000000   1.1487060347652016
   0.6270000000000000   1.1506606040259908
   0.6280000000000000   1.1526309571190196
   0.6290000000000000   1.1546172644495201
   0.6300000000000000   1.1566196987286044
   0.6310000000000000   1.1586384350108114
   0.6320000000000000   1.1606736507323656
   0.6330000000000000   1.1627255257501672
   0.6340000000000000   1.1647942423815301
   0.6350000000000000   1.1668799854446827
   0.6360000000000000   1.1689829423000473
   0.6370000000000000   1.1711033028923181
   0.6380000000000000   1.1732412597933541
   0.6390000000000000   1.1753970082459029
   0.6400000000000000   1.1775707462081786
   0.6410000000000000   1.1797626743993077
   0.6420000000000000   1.1819729963456667
   0.6430000000000000   1.1842019184281281
   0.6440000000000000   1.1864496499302373
   0.6450000000000000   1.1887164030873414
   0.6460000000000000   1.1910023931366904
   0.6470000000000000   1.1933078383685318
   0.6480000000000000   1.1956329601782256
   0.6490000000000000   1.1979779831193980
   0.6500000000000000   1.2003431349581606
   0.6510000000000000   1.2027286467284175
   0.6520000000000000   1.2051347527882885
   0.6530000000000000   1.2075616908776703
   0.6540000000000000   1.2100097021769649
   0.6550000000000000   1.2124790313670009
   0.6560000000000000   1.2149699266901757
   0.6570000000000000   1.2174826400128482
   0.6580000000000000   1.2200174268890098
   0.6590000000000000   1.2225745466252640
   0.6600000000000000   1.2251542623471461
   0.6610000000000000   1.2277568410668152
   0.6620000000000000   1.2303825537521484
   0.6630000000000000   1.2330316753972743
   0.6640000000000000   1.2357044850945760
   0.6650000000000000   1.2384012661082029
   0.6660000000000000   1.2411223059491241
   0.6670000000000000   1.2438678964517627
   0.6680000000000000   1.2466383338522475
   0.6690000000000000   1.2494339188683234
   0.6700000000000000   1.2522549567809571
   0.6710000000000000   1.2551017575176844
   0.6720000000000000   1.2579746357377375
   0.6730000000000000   1.2608739109189968
   0.6740000000000000   1.2637999074468147
   0.6750000000000000   1.2667529547047534
   0.6760000000000000   1.2697333871672865
   0.6770000000000000   1.2727415444945140
   0.6780000000000000   1.2757777716289385
   0.6790000000000000   1.2788424188943543
   0.6800000000000000   1.2819358420969051
   0.6810000000000000   1.2850584026283607
   0.6820000000000001   1.2882104675716717
   0.6830000000000001   1.2913924098088594
   0.6840000000000001   1.2946046081312972
   0.6850000000000001   1.2978474473524493
   0.6860000000000001   1.3011213184231241
   0.6870000000000001   1.3044266185493114
   0.6879999999999999   1.3077637513126668
   0.6889999999999999   1.3111331267937121
   0.6899999999999999   1.3145351616978211
   0.6909999999999999   1.3179702794840671
   0.6919999999999999   1.3214389104969999
   0.6929999999999999   1.3249414921014357
   0.6940000000000000   1.3284784688203324
   0.6950000000000000   1.3320502924758362
   0.6960000000000000   1.3356574223335818
   0.6970000000000000   1.3393003252503297
   0.6980000000000000   1.3429794758250337
   0.6990000000000000   1.3466953565534245
   0.7000000000000000   1.3504484579862097
   0.7010000000000000   1.3542392788909805
   0.7020000000000000   1.3580683264179296
   0.7030000000000000   1.3619361162694816
   0.7040000000000000   1.3658431728739409
   0.7050000000000000   1.3697900295632668
   0.7060000000000000   1.3737772287550905
   0.7070000000000000   1.3778053221390849
   0.7080000000000000   1.3818748708678130
   0.7090000000000000   1.3859864457521727
   0.7100000000000000   1.3901406274615680
   0.7110000000000000   1.3943380067289377
   0.7120000000000000   1.3985791845607753
   0.7130000000000000   1.4028647724522807
   0.7140000000000000   1.4071953926077860
   0.7150000000000000   1.4115716781666068
   0.7160000000000000   1.4159942734344675
   0.7170000000000000   1.4204638341206632
   0.7180000000000000   1.4249810275811174
   0.7190000000000000   1.4295465330675063
   0.7200000000000000   1.4341610419826221
   0.7210000000000000   1.4388252581421537
   0.7220000000000000   1.4435398980430723
   0.7230000000000000   1.4483056911388110
   0.7240000000000000   1.4531233801214354
   0.7250000000000000   1.4579937212110108
   0.7260000000000000   1.4629174844523753
   0.7270000000000000   1.4678954540195359
   0.7280000000000000   1.4729284285279121
   0.7290000000000000   1.4780172213546618
   0.7300000000000000   1.4831626609673250
   0.7310000000000000   1.4883655912610365
   0.7320000000000000   1.4936268719045633
   0.7330000000000000   1.4989473786954293
   0.7340000000000000   1.5043280039244042
   0.7350000000000000   1.5097696567496399
   0.7360000000000000   1.5152732635807418
   0.7370000000000000   1.5208397684730863
   0.7380000000000000   1.5264701335326909
   0.7390000000000000   1.5321653393319647
   0.7400000000000000   1.5379263853366734
   0.7410000000000000   1.5437542903444652
   0.7420000000000000   1.5496500929353199
   0.7430000000000000   1.5556148519342881
   0.7440000000000000   1.5616496468869105
   0.7450000000000000   1.5677555785477115
   0.7460000000000000   1.5739337693821833
   0.7470000000000000   1.5801853640826842
   0.7480000000000000   1.5865115300986983
   0.7490000000000000   1.5929134581819104
   0.7500000000000000   1.5993923629465752
   0.7510000000000000   1.6059494834456698
   0.7520000000000000   1.6125860837633423
   0.7530000000000000   1.6193034536241842
   0.7540000000000000   1.6261029090198740
   0.7550000000000000   1.6329857928537632
   0.7560000000000000   1.6399534756039909
   0.7570000000000000   1.6470073560057388
   0.7580000000000000   1.6541488617532638
   0.7590000000000000   1.6613794502223622
   0.7600000000000000   1.6687006092139498
   0.7610000000000000   1.6761138577194656
   0.7620000000000000   1.6836207467088360
   0.7630000000000000   1.6912228599417580
   0.7640000000000000   1.6989218148031013
   0.7650000000000000   1.7067192631632422
   0.7660000000000000   1.7146168922641936
   0.7670000000000000   1.7226164256324101
   0.7680000000000000   1.7307196240191971
   0.7690000000000000   1.7389282863696747
   0.7700000000000000   1.7472442508213000
   0.7710000000000000   1.7556693957329750
   0.7720000000000000   1.7642056407458200
   0.7730000000000000   1.7728549478767313
   0.7740000000000000   1.7816193226458821
   0.7750000000000000   1.7905008152393811
   0.7760000000000000   1.7995015217083441
   0.7770000000000000   1.8086235852056884
   0.7780000000000000   1.8178691972620140
   0.7790000000000000   1.8272405991019864
   0.7800000000000000   1.8367400830027014
   0.7810000000000000   1.8463699936955649
   0.7820000000000000   1.8561327298132908
   0.7830000000000000   1.8660307453836837
   0.7840000000000000   1.8760665513719423
   0.7850000000000000   1.8862427172732938
   0.7860000000000000   1.8965618727578450
   0.7870000000000000   1.9070267093696172
   0.7880000000000000   1.9176399822818093
   0.7890000000000000   1.9284045121104363
   0.7900000000000000   1.9393231867885588
   0.7910000000000000   1.9503989635034396
   0.7920000000000000   1.9616348706990492
   0.7930000000000000   1.9730340101464487
   0.7940000000000000   1.9845995590846996
   0.7950000000000000   1.9963347724350518
   0.7960000000000000   2.0082429850912966
   0.7970000000000000   2.0203276142892896
   0.7980000000000000   2.0325921620587910
   0.7990000000000000   2.0450402177608988
   0.8000000000000000   2.0576754607145209
   0.8010000000000000   2.0705016629154622
   0.8020000000000000   2.0835226918518828
   0.8030000000000000   2.0967425134200521
   0.8040000000000000   2.1101651949445022
   0.8050000000000000   2.1237949083068721
   0.8060000000000000   2.1376359331879375
   0.8070000000000001   2.1516926604275350
   0.8080000000000001   2.1659695955072937
   0.8090000000000001   2.1804713621613474
   0.8100000000000001   2.1952027061204142
   0.8110000000000001   2.2101684989949164
   0.8120000000000001   2.2253737423030633
   0.8129999999999999   2.2408235716501208
   0.8139999999999999   2.2565232610653934
   0.8149999999999999   2.2724782275037319
   0.8159999999999999   2.2886940355187768
   0.8169999999999999   2.3051764021154351
   0.8179999999999999   2.3219312017895031
   0.8190000000000000   2.3389644717627305
   0.8200000000000000   2.3562824174220283
   0.8210000000000000   2.3738914179719810
   0.8220000000000000   2.3917980323102630
   0.8230000000000000   2.4100090051360756
   0.8240000000000000   2.4285312733022164
   0.8250000000000000   2.4473719724219558
   0.8260000000000000   2.4665384437424680
   0.8270000000000000   2.4860382412971740
   0.8280000000000000  0.0000000000000000E+000
   0.8290000000000000  0.0000000000000000E+000
   0.8300000000000000  0.0000000000000000E+000
   0.8310000000000000  0.0000000000000000E+000
   0.8320000000000000  0.0000000000000000E+000
   0.8330000000000000  0.0000000000000000E+000
   0.8340000000000000  0.0000000000000000E+000
   0.8350000000000000  0.0000000000000000E+000
   0.8360000000000000  0.0000000000000000E+000
   0.8370000000000000  0.0000000000000000E+000
   0.8380000000000000  0.0000000000000000E+000
   0.8390000000000000  0.0000000000000000E+000
   0.8400000000000000  0.0000000000000000E+000
   0.8410000000000000  0.0000000000000000E+000
   0.8420000000000000  0.0000000000000000E+000
   0.8430000000000000  0.0000000000000000E+000
   0.8440000000000000  0.0000000000000000E+000
   0.8450000000000000  0.0000000000000000E+000
   0.8460000000000000  0.0000000000000000E+000
   0.8470000000000000  0.0000000000000000E+000
   0.8480000000000000  0.0000000000000000E+000
   0.8490000000000000  0.0000000000000000E+000
   0.8500000000000000  0.0000000000000000E+000
   0.8510000000000000  0.0000000000000000E+000
   0.8520000000000000  0.0000000000000000E+000
   0.8530000000000000  0.0000000000000000E+000
   0.8540000000000000  0.0000000000000000E+000
   0.8550000000000000  0.0000000000000000E+000
   0.8560000000000000  0.0000000000000000E+000
   0.8570000000000000  0.0000000000000000E+000
   0.8580000000000000  0.0000000000000000E+000
   0.8590000000000000  0.0000000000000000E+000
   0.8600000000000000  0.0000000000000000E+000
   0.8610000000000000  0.0000000000000000E+000
   0.8620000000000000  0.0000000000000000E+000
   0.8630000000000000  0.0000000000000000E+000
   0.8640000000000000  0.0000000000000000E+000
   0.8650000000000000  0.0000000000000000E+000
   0.8660000000000000  0.0000000000000000E+000
   0.8670000000000000  0.0000000000000000E+000
   0.8680000000000000  0.0000000000000000E+000
   0.8690000000000000  0.0000000000000000E+000
   0.8700000000000000  0.0000000000000000E+000
   0.8710000000000000  0.0000000000000000E+000
   0.8720000000000000  0.0000000000000000E+000
   0.8730000000000000  0.0000000000000000E+000
   0.8740000000000000  0.0000000000000000E+000
   0.8750000000000000  0.0000000000000000E+000
   0.8760000000000000  0.0000000000000000E+000
   0.8770000000000000  0.0000000000000000E+000
   0.8780000000000000  0.0000000000000000E+000
   0.8790000000000000  0.0000000000000000E+000
   0.8800000000000000  0.0000000000000000E+000
   0.8810000000000000  0.0000000000000000E+000
   0.8820000000000000  0.0000000000000000E+000
   0.8830000000000000  0.0000000000000000E+000
   0.8840000000000000  0.0000000000000000E+000
   0.8850000000000000  0.0000000000000000E+000
   0.8860000000000000  0.0000000000000000E+000
   0.8870000000000000  0.0000000000000000E+000
   0.8880000000000000  0.0000000000000000E+000
   0.8890000000000000  0.0000000000000000E+000
   0.8900000000000000  0.0000000000000000E+000
   0.8910000000000000  0.0000000000000000E+000
   0.8920000000000000  0.0000000000000000E+000
   0.8930000000000000  0.0000000000000000E+000
   0.8940000000000000  0.0000000000000000E+000
   0.8950000000000000  0.0000000000000000E+000
   0.8960000000000000  0.0000000000000000E+000
   0.8970000000000000  0.0000000000000000E+000
   0.8980000000000000  0.0000000000000000E+000
   0.8990000000000000  0.0000000000000000E+000
   0.9000000000000000  0.0000000000000000E+000
   0.9010000000000000  0.0000000000000000E+000
   0.9020000000000000  0.0000000000000000E+000
   0.9030000000000000  0.0000000000000000E+000
   0.9040000000000000  0.0000000000000000E+000
   0.9050000000000000  0.0000000000000000E+000
   0.9060000000000000  0.0000000000000000E+000
   0.9070000000000000  0.0000000000000000E+000
   0.9080000000000000  0.0000000000000000E+000
   0.9090000000000000  0.0000000000000000E+000
   0.9100000000000000  0.0000000000000000E+000
   0.9110000000000000  0.0000000000000000E+000
   0.9120000000000000  0.0000000000000000E+000
   0.9130000000000000  0.0000000000000000E+000
   0.9140000000000000  0.0000000000000000E+000
   0.9150000000000000  0.0000000000000000E+000
   0.9160000000000000  0.0000000000000000E+000
   0.9170000000000000  0.0000000000000000E+000
   0.9180000000000000  0.0000000000000000E+000
   0.9190000000000000  0.0000000000000000E+000
   0.9200000000000000  0.0000000000000000E+000
   0.9210000000000000  0.0000000000000000E+000
   0.9220000000000000  0.0000000000000000E+000
   0.9230000000000000  0.0000000000000000E+000
   0.9240000000000000  0.0000000000000000E+000
   0.9250000000000000  0.0000000000000000E+000
   0.9260000000000000  0.0000000000000000E+000
   0.9270000000000000  0.0000000000000000E+000
   0.9280000000000000  0.0000000000000000E+000
   0.9290000000000000  0.0000000000000000E+000
   0.9300000000000000  0.0000000000000000E+000
   0.9310000000000000  0.0000000000000000E+000
   0.9320000000000001  0.0000000000000000E+000
   0.9330000000000001  0.0000000000000000E+000
   0.9340000000000001  0.0000000000000000E+000
   0.9350000000000001  0.0000000000000000E+000
   0.9360000000000001  0.0000000000000000E+000
   0.9370000000000001  0.0000000000000000E+000
   0.9379999999999999  0.0000000000000000E+000
   0.9389999999999999  0.0000000000000000E+000
   0.9399999999999999  0.0000000000000000E+000
   0.9409999999999999  0.0000000000000000E+000
   0.9419999999999999  0.0000000000000000E+000
   0.9429999999999999  0.0000000000000000E+000
   0.9440000000000000  0.0000000000000000E+000
   0.9450000000000000  0.0000000000000000E+000
   0.9460000000000000  0.0000000000000000E+000
   0.9470000000000000  0.0000000000000000E+000
   0.9480000000000000  0.0000000000000000E+000
   0.9490000000000000  0.0000000000000000E+000
   0.9500000000000000  0.0000000000000000E+000
   0.9510000000000000  0.0000000000000000E+000
   0.9520000000000000  0.0000000000000000E+000
   0.9530000000000000  0.0000000000000000E+000
   0.9540000000000000  0.0000000000000000E+000
   0.9550000000000000  0.0000000000000000E+000
   0.9560000000000000  0.0000000000000000E+000
   0.9570000000000000  0.0000000000000000E+000
   0.9580000000000000  0.0000000000000000E+000
   0.9590000000000000  0.0000000000000000E+000
   0.9600000000000000  0.0000000000000000E+000
   0.9610000000000000  0.0000000000000000E+000
   0.9620000000000000  0.0000000000000000E+000
   0.9630000000000000  0.0000000000000000E+000
   0.9640000000000000  0.0000000000000000E+000
   0.9650000000000000  0.0000000000000000E+000
   0.9660000000000000  0.0000000000000000E+000
   0.9670000000000000  0.0000000000000000E+000
   0.9680000000000000  0.0000000000000000E+000
   0.9690000000000000  0.0000000000000000E+000
   0.9700000000000000  0.0000000000000000E+000
   0.9710000000000000  0.0000000000000000E+000
   0.9720000000000000  0.0000000000000000E+000
   0.9730000000000000  0.0000000000000000E+000
   0.9740000000000000  0.0000000000000000E+000
   0.9750000000000000  0.0000000000000000E+000
   0.9760000000000000  0.0000000000000000E+000
   0.9770000000000000  0.0000000000000000E+000
   0.9780000000000000  0.0000000000000000E+000
   0.9790000000000000  0.0000000000000000E+000
   0.9800000000000000  0.0000000000000000E+000
   0.9810000000000000  0.0000000000000000E+000
   0.9820000000000000  0.0000000000000000E+000
   0.9830000000000000  0.0000000000000000E+000
   0.9840000000000000  0.0000000000000000E+000
   0.9850000000000000  0.0000000000000000E+000
   0.9860000000000000  0.0000000000000000E+000
   0.9870000000000000  0.0000000000000000E+000
   0.9880000000000000  0.0000000000000000E+000
   0.9890000000000000  0.0000000000000000E+000
   0.9900000000000000  0.0000000000000000E+000
   0.9910000000000000  0.0000000000000000E+000
   0.9920000000000000  0.0000000000000000E+000
   0.9930000000000000  0.0000000000000000E+000
   0.9940000000000000  0.0000000000000000E+000
   0.9950000000000000  0.0000000000000000E+000
   0.9960000000000000  0.0000000000000000E+000
   0.9970000000000000  0.0000000000000000E+000
   0.9980000000000000  0.0000000000000000E+000
   0.9990000000000000  0.0000000000000000E+000
   1.0000000000000000  0.0000000000000000E+000
